1 48 4 1    # nPops, nLoci, maxAllele, nAlleleDigits
Fpet.12
Fpet.21
Fpet.14
Fpet.20
Fpet.15
Fpet.19
Fpet.16
Fpet.17
Fpet.02
Fpet.29
Fpet.22
Fpet.10
Fpet.03
Fpet.28
Fpet.23
Fpet.09
Fpet.04
Fpet.27
Fpet.24
Fpet.08
Fpet.06
Fpet.26
Fpet.25
Fpet.07
Fpet.40
Fpet.49
Fpet.41
Fpet.48
Fpet.43
Fpet.47
Fpet.44
Fpet.46
Fpet.30
Fpet.60
Fpet.50
Fpet.39
Fpet.31
Fpet.58
Fpet.51
Fpet.37
Fpet.32
Fpet.55
Fpet.52
Fpet.35
Fpet.33
Fpet.54
Fpet.53
Fpet.34
1 22 44  0 22 11 23  0 33 33 22  0  0 22 44 11 12 33 14  0 13 24 23 24 33  0 11 22 22 11 13 22  0 11 22 22 11 24  0 14 11 11  0  0 22  0  0 33 11
1 22 22  0 22 14 33  0  0  0 12  0  0 44 24 11  0 11 11  0 11 44 22 44 13  0 33  0 22 13 13 24  0  0 44 44 11 22  0 44  0 11  0  0 44 44  0  0 33
1 44 44  0 24 11 23  0 33 13 12  0 33 24 24 11 11 13 14 44 13 44 33 22 33  0 13 12 24 11 13 22  0 11 22 24 11 22  0 11 33 11  0  0 24 24  0 11 11
1 24 44  0 22 11 23  0 33 13 12  0 33 44 44 11 12 33 14 44 33 44 33 22 13  0 11 22 22 11 13 22  0 44 22 24 11 22  0 44 33 11  0  0 22 44  0 13 11
1 24 24  0 24 14 23  0 33 13 22  0 33 22 24 13 11 33 14 44 33 22 22 24 33  0 13 22 22 33 13 22  0 14 22 22 33 24  0 11 13 11  0  0 24 44  0 11 13
1 22 44  0 44  0 33  0 33 13 22  0 44 44 44 11 22 33 14  0 13 44 23 22 13  0 33  0  0 11 13 44  0 11  0 22 11 44  0 11 33  0  0  0 22  0  0  0  0
1 24 44  0 44 11 33  0 13 13 12  0 34 22 24 11 12 11 14  0 11 22 22 24 11  0  0  0 22 11 13 22  0  0 22  0  0 44  0 44 13  0  0  0  0 22  0  0  0
1 44 44  0 44 11 33  0 13 13 12  0 34 24 24 11 12 13 11  0 11 24 22 24 11  0 33 12 22 33 13 22  0 11 22 22 11 24  0 14 13 13  0  0 24  0  0 13 33
1 44 44  0 24 11 23  0 33 13 22  0 33 44 44 11 11 11 44 44 13 44 22 22 33  0 33 22 44 13 13 44  0 44 22 44 11 24  0 14 13 11  0  0 22 24  0 33 33
1  0  0  0  0  0  0  0  0 33  0  0  0  0  0  0  0  0  0  0  0  0  0 44  0  0 33 22  0  0 13  0  0  0  0  0  0  0  0  0  0  0  0  0  0  0  0  0  0
1 44 44  0 44 11 23  0 33 13 22  0 33 24 24 11 11 13 14  0 13 22 22 24 11  0 33 11 22 13 13 22  0 14 22 24 11 44  0 44 11 11  0  0 22 24  0 13 33
1 44 44  0  0  0  0  0  0 13 22  0  0  0 44 11 11 33  0  0 11 44  0 44 33  0 13 22 22 13 13 22  0 44 24 22 13 44  0 44 11 11  0  0 22 44  0 11 33
1 44 44 33 44 44 23  0 33 13 12  0 33 44 44 11 12 33 11 22 13 44 23 24 33  0 33 22 24 11 13 24  0 14 22 44 11 44  0 14 33 13  0  0 24 44  0 33 33
1 24  0  0 44  0  0  0  0 13 22  0  0  0 44 11  0  0 14  0  0 44 22 22 33  0 33 22 44 11 13 22  0 14 22 44 11 44  0 14 33 13  0  0 22 44  0 13 33
1 44 44  0 44 44 23  0 33 13 12  0  0 44 44 11 12  0  0  0 11 44 33 44 33  0 33 22 24 13 13  0  0 14 22 44  0 44  0 44 33 11  0  0 44 44  0 13 33
1  0 44  0 44 44 22  0 33 13 11  0 33  0 44 11 12  0 14  0 11  0 23  0 33  0 33 22 44 11 13 22  0 44 22 44 11 44  0 14 33  0  0  0 44 44  0 33 33
1 22 22  0  0  0  0  0  0 13  0  0  0  0 44  0  0  0  0  0 33 22  0  0 33  0  0 22  0 33 13  0  0  0  0  0 33 44  0 11  0 13  0  0 22  0  0  0  0
1 22 44  0 44 14 33  0 33 13 22  0 33 22 22 13 11 11 11  0 13 44 22 22 33  0  0 11 22 33 13 44  0 11 24 22 11  0  0 11 13  0  0  0 22  0  0 11 33
1 44 44  0  0 11  0  0 33 13 22  0  0  0 44  0  0  0 11  0 33 44 22  0 11  0  0 22  0 11 13  0  0  0 22 44 11  0  0  0  0 11  0  0  0  0  0  0  0
1 44  0  0  0  0  0  0  0 13  0  0  0  0  0  0  0  0  0  0  0 44  0  0 11  0  0 22 22  0 13 22  0  0  0  0 11  0  0  0 33  0  0  0 22  0  0  0 33
1 22 44  0 22 44 33  0  0 13  0  0  0  0 22 33  0  0 44  0 13 44  0 44 33  0 33 22 22 11 13 22  0 11 44 44  0  0  0 44  0  0  0  0  0 22  0 11  0
1 44 44  0 22 11 33  0  0 13 22  0 44 22 44 33 22  0 11  0 11  0  0  0 33  0 13 22  0 11 13 22  0 44 24 22 11 22  0 44 11 11  0  0 44 44  0 11 33
1  0  0  0 44 11  0  0  0 13  0  0  0  0  0  0  0  0  0  0  0  0  0  0  0  0  0  0  0 11 13 44  0  0 22  0 11  0  0  0  0  0  0  0  0  0  0  0 33
1  0  0  0  0  0  0  0  0 33  0  0  0  0  0  0  0  0  0  0  0  0  0  0  0  0  0  0  0  0 13  0  0  0  0  0  0  0  0  0  0  0  0  0  0  0  0  0  0
1 22 44 11  0 11 22  0 33 13 22  0 33 44  0  0 11 11 44  0 33 22 22 24 13  0  0  0 22 33 13 22  0 11 24  0  0  0  0  0  0 33  0  0  0 44  0  0 33
1  0  0  0  0 11  0  0  0 13  0  0  0  0 22  0 11 13  0  0  0  0 33  0 33  0 33  0  0 13 13 22  0  0  0  0  0  0  0  0  0 11  0  0  0 44  0  0 11
1  0  0  0 44  0  0  0  0 13  0  0  0  0  0  0  0  0  0  0  0  0  0 44 33  0  0  0  0 13 13 44  0  0  0  0  0  0  0  0  0  0  0  0  0  0  0  0  0
1 24 44  0 44 11 33  0 33  0 12  0 33 44 44 13 22 33 11  0 33 22 22 44 13  0 33 22 22 33 13  0  0  0 24 24 11 22  0 11 33 11  0  0  0 44  0 33 33
1 44 44  0 44 14 23  0 33 13 22  0 33 24 44 11 11 13 14  0 33 24 22 44 33  0 33 12 22 33 13 22  0 44 22 24 11 44  0 11 13 33  0  0 24 44  0 13 33
1 44 44  0 44 11 33  0  0 13 22  0  0 22 22 11 22  0  0  0 11 24 22 24 11  0  0  0 44 13 13 22  0 14 22 22 11  0  0 11  0 11  0  0  0 44  0 33 13
1  0  0  0 22  0  0  0  0 33 22  0  0  0  0 11  0 11  0  0  0  0  0 22  0  0  0  0 44 11 13 22  0  0  0 22  0  0  0  0  0  0  0  0  0  0  0  0 33
1 24 44  0 22 11 33  0 33 13 22  0 33 44 24 11 12 11 14 44 13 44 23 24 33  0 33 11 24 33 13 24  0 14 22 24 13 44  0 14 13 11  0  0 24 24  0 11 33
1  0  0  0  0  0 22  0 33 13  0  0  0  0  0 13  0  0 44  0  0  0  0 44  0  0  0 11  0  0 13  0  0  0  0  0  0 44  0 44 33  0  0  0  0 22  0  0  0
1  0 44  0  0 11 23  0 33 33  0  0  0  0 44  0  0  0  0  0  0  0  0 44  0  0 33 22 22 11 13 22  0 11  0 44 33  0  0 14 33 11  0  0  0  0  0  0 33
1 22  0  0 22 11 23  0 33 13  0  0 44  0 24  0  0  0 14  0  0  0 33  0 33  0 33 22 22 11 13 22  0 11 44  0  0 24  0 14 33  0  0  0 44 22  0  0 33
1 44 44 11 22 11 23  0 33 13 11  0 44  0  0 11 11 11  0  0 11 24 33 44 33  0 33 22 22 11 13 22  0 11 22 24 33 44  0 11 33 11  0  0 24 22  0 11 33
1 22 22  0  0 11 22  0 33 13 22  0 44 22 24 13 11 33 44  0 11 44 22 24 11  0 33 22 22  0 13 22  0 44 22 24 11 44  0 11 13 11  0  0 22 22  0 11 11
1 24 44  0 22 11 22  0 33 13 12  0 33 44 44 11 12 33 14 44 33 22 22 44 13  0 13 12 44 11 13 22  0 11 22 24 11 44  0 11 11 13  0  0 24 44  0 13 11
1  0  0  0  0  0  0  0  0  0  0  0  0  0  0  0  0  0  0  0  0  0  0  0  0  0  0  0  0 11  0 44  0  0  0  0  0  0  0  0  0  0  0  0  0  0  0  0  0
1 24 44  0  0 11  0  0 33 13 22  0 33 44  0 11 22  0 11  0  0 22  0  0 11  0 11 22 44 11 13 22  0 11 22 22 11  0  0 11 11 11  0  0 44 44  0 33  0
1  0  0  0  0  0  0  0  0 13 11  0  0  0  0  0  0  0 11  0  0  0 22 44  0  0  0  0 44  0 13 44  0  0 22 22  0  0  0  0  0 11  0  0 44  0  0  0 13
1  0  0  0  0  0  0  0  0 33  0  0 33  0  0  0  0  0 11  0  0  0  0 44  0  0 33 22  0 11 13 24  0  0 22 22  0 44  0 11 13  0  0  0  0  0  0 33 13
1  0  0  0 44 11 33  0  0 33  0  0  0 22  0  0 11  0 44  0  0  0  0 22 33  0 33 22 22 11 13 22  0  0 22 22  0 44  0 11 33 11  0  0  0 44  0 33 11
1 24 44  0 24 11 33  0 13 13 11  0 33 44 24 11 11 13 11  0 33 24 23 22 33  0 11 12 22 11 13 22  0 11 22 22 11 44  0 14 33 11  0  0 22 44  0 13 33
1 44  0  0  0  0  0  0  0 33  0  0  0  0  0  0  0  0  0  0  0  0  0 44  0  0  0 22 44 11 13 22  0  0 22  0  0  0  0 44 33  0  0  0  0  0  0  0  0
1 22 44  0 24 14 22  0 33 13 12  0 34 44 24 13 12 13 14  0 11 24 22 24 33  0 33 12 44 11 13 22  0 11 22 22 11 44  0 11 13 33  0  0 24 44  0 11 33
1 44 44  0 44 44 33  0 33 13 12  0 34 22 24 33 11 11 11  0 33 44 22 24 33  0 13 22 44 11 13 22  0 11 24 22 11 22  0 14 33 13  0  0 24 44  0 13 13
1 44  0  0 44 44 33  0 33 13  0  0  0  0 44  0  0  0  0  0 33  0 22  0 33  0  0 22  0  0 13  0  0 11  0 22  0 22  0  0  0  0  0  0  0  0  0 33 33
1  0  0  0  0  0 33  0  0 13 11  0  0 44  0  0  0  0  0  0 33  0  0  0 33  0 13 12 24 13 13  0  0 14 24 44 11  0  0 14 13 13  0  0 24  0  0 11  0
1  0  0  0  0  0  0  0  0 33  0  0  0  0 22  0  0  0  0  0  0  0 22 44  0  0 11  0  0 13 13 22  0 11 22  0 11  0  0 11  0 33  0  0 22  0  0 33 13
1  0  0  0 22  0  0  0  0 13  0  0  0  0  0 33  0  0  0  0  0  0  0 22  0  0  0  0  0  0  0  0  0  0  0  0  0  0  0  0  0  0  0  0  0  0  0  0  0
1 22 44  0 22 11 33  0 33 13 22  0 44 22 22 13 11 33 44  0 11 24 22 22 13  0 11 22  0 33 13 22  0 11 22 44 33 44  0  0 33  0  0  0 22 22  0 13 11
1  0 44  0  0 11  0  0  0 13  0  0  0  0 44  0  0 13  0  0  0  0  0 22  0  0  0 22  0 13 13 24  0 14 22 44 11  0  0 44 11 11  0  0 44 22  0  0 11
1 24 44  0  0 11  0  0  0 13 22  0  0 44 44 11  0 33 44  0  0 44 33 22  0  0 11 11 22 11 13 22  0 44  0 24 11 22  0 11 33 33  0  0 22 22  0 13 11
1  0 44  0 22  0  0  0 33 13 22  0  0  0  0 11  0 11  0  0 33 44  0 44 33  0 11 11 24  0 13 22  0 11 22 22 11 24  0 11 33 11  0  0  0  0  0  0 13
1 24 44 33 44 14 33  0 13 13 22  0 33 24 24 11 11 11 11  0 11 24 22 44 13  0 13 12 22 13 13 24  0 44 24 22 11 22  0 11 33 13  0  0 22 44  0 13 13
1  0 44  0 22 14  0  0  0 13  0  0 44 44 24 11 11  0 44  0 11 22 22 44 33  0 11  0  0 11 13 22  0  0  0 44 33 44  0 11 33 33  0  0 44 44  0 13  0
1 24 44  0 44 14 23  0 33 13 22  0  0 44 44 13 12 11 44  0 11 44 22 44 33  0 33 22 22  0 13 22  0 11  0 44 11 24  0  0 11 13  0  0 22 44  0 33 13
1  0  0  0  0 14  0  0  0 33  0  0 44  0  0  0  0  0  0  0  0  0  0 22  0  0  0  0  0  0 13  0  0  0  0  0  0  0  0  0  0  0  0  0  0  0  0  0 13
