# Fpet Site 205 Fluidigm SNP data (59 individs) from input files Fpet.Plates05.06.SNPs1.24.csv and Fpet.Plates05.06.SNPs25.48.csv
allele_delimiter = whitespace
inheritance = codominant
locus_names = Fpet.12 Fpet.21 Fpet.14 Fpet.20 Fpet.15 Fpet.19 Fpet.16 Fpet.17 Fpet.02 Fpet.29 Fpet.22 Fpet.10 Fpet.03 Fpet.28 Fpet.23 Fpet.09 Fpet.04 Fpet.27 Fpet.24 Fpet.08 Fpet.06 Fpet.26 Fpet.25 Fpet.07 Fpet.40 Fpet.49 Fpet.41 Fpet.48 Fpet.43 Fpet.47 Fpet.44 Fpet.46 Fpet.30 Fpet.60 Fpet.50 Fpet.39 Fpet.31 Fpet.58 Fpet.51 Fpet.37 Fpet.32 Fpet.55 Fpet.52 Fpet.35 Fpet.33 Fpet.54 Fpet.53 Fpet.34
Fpet.205  Fpet.205.01     2 2 4 4 0 0 2 2 1 1 2 3 0 0 3 3 3 3 2 2 0 0 0 0 2 2 4 4 1 1 1 2 3 3 1 4 0 0 1 3 2 4 2 3 2 4 3 3 0 0 1 1 2 2 2 2 1 1 1 3 2 2 0 0 1 1 2 2 2 2 1 1 2 4 0 0 1 4 1 1 1 1 0 0 0 0 2 2 0 0 0 0 3 3 1 1
Fpet.205  Fpet.205.02     2 2 2 2 0 0 2 2 1 4 3 3 0 0 0 0 0 0 1 2 0 0 0 0 4 4 2 4 1 1 0 0 1 1 1 1 0 0 1 1 4 4 2 2 4 4 1 3 0 0 3 3 0 0 2 2 1 3 1 3 2 4 0 0 0 0 4 4 4 4 1 1 2 2 0 0 4 4 0 0 1 1 0 0 0 0 4 4 4 4 0 0 0 0 3 3
Fpet.205  Fpet.205.03     4 4 4 4 0 0 2 4 1 1 2 3 0 0 3 3 1 3 1 2 0 0 3 3 2 4 2 4 1 1 1 1 1 3 1 4 4 4 1 3 4 4 3 3 2 2 3 3 0 0 1 3 1 2 2 4 1 1 1 3 2 2 0 0 1 1 2 2 2 4 1 1 2 2 0 0 1 1 3 3 1 1 0 0 0 0 2 4 2 4 0 0 1 1 1 1
Fpet.205  Fpet.205.04     2 4 4 4 0 0 2 2 1 1 2 3 0 0 3 3 1 3 1 2 0 0 3 3 4 4 4 4 1 1 1 2 3 3 1 4 4 4 3 3 4 4 3 3 2 2 1 3 0 0 1 1 2 2 2 2 1 1 1 3 2 2 0 0 4 4 2 2 2 4 1 1 2 2 0 0 4 4 3 3 1 1 0 0 0 0 2 2 4 4 0 0 1 3 1 1
Fpet.205  Fpet.205.05     2 4 2 4 0 0 2 4 1 4 2 3 0 0 3 3 1 3 2 2 0 0 3 3 2 2 2 4 1 3 1 1 3 3 1 4 4 4 3 3 2 2 2 2 2 4 3 3 0 0 1 3 2 2 2 2 3 3 1 3 2 2 0 0 1 4 2 2 2 2 3 3 2 4 0 0 1 1 1 3 1 1 0 0 0 0 2 4 4 4 0 0 1 1 1 3
Fpet.205  Fpet.205.06     2 2 4 4 0 0 4 4 0 0 3 3 0 0 3 3 1 3 2 2 0 0 4 4 4 4 4 4 1 1 2 2 3 3 1 4 0 0 1 3 4 4 2 3 2 2 1 3 0 0 3 3 0 0 0 0 1 1 1 3 4 4 0 0 1 1 0 0 2 2 1 1 4 4 0 0 1 1 3 3 0 0 0 0 0 0 2 2 0 0 0 0 0 0 0 0
Fpet.205  Fpet.205.07     2 4 4 4 0 0 4 4 1 1 3 3 0 0 1 3 1 3 1 2 0 0 3 4 2 2 2 4 1 1 1 2 1 1 1 4 0 0 1 1 2 2 2 2 2 4 1 1 0 0 0 0 0 0 2 2 1 1 1 3 2 2 0 0 0 0 2 2 0 0 0 0 4 4 0 0 4 4 1 3 0 0 0 0 0 0 0 0 2 2 0 0 0 0 0 0
Fpet.205  Fpet.205.08     4 4 4 4 0 0 4 4 1 1 3 3 0 0 1 3 1 3 1 2 0 0 3 4 2 4 2 4 1 1 1 2 1 3 1 1 0 0 1 1 2 4 2 2 2 4 1 1 0 0 3 3 1 2 2 2 3 3 1 3 2 2 0 0 1 1 2 2 2 2 1 1 2 4 0 0 1 4 1 3 1 3 0 0 0 0 2 4 0 0 0 0 1 3 3 3
Fpet.205  Fpet.205.09     4 4 4 4 0 0 2 4 1 1 2 3 0 0 3 3 1 3 2 2 0 0 3 3 4 4 4 4 1 1 1 1 1 1 4 4 4 4 1 3 4 4 2 2 2 2 3 3 0 0 3 3 2 2 4 4 1 3 1 3 4 4 0 0 4 4 2 2 4 4 1 1 2 4 0 0 1 4 1 3 1 1 0 0 0 0 2 2 2 4 0 0 3 3 3 3
Fpet.205  Fpet.205.10     0 0 0 0 0 0 0 0 0 0 0 0 0 0 0 0 3 3 0 0 0 0 0 0 0 0 0 0 0 0 0 0 0 0 0 0 0 0 0 0 0 0 0 0 4 4 0 0 0 0 3 3 2 2 0 0 0 0 1 3 0 0 0 0 0 0 0 0 0 0 0 0 0 0 0 0 0 0 0 0 0 0 0 0 0 0 0 0 0 0 0 0 0 0 0 0
Fpet.205  Fpet.205.11     4 4 4 4 0 0 4 4 1 1 2 3 0 0 3 3 1 3 2 2 0 0 3 3 2 4 2 4 1 1 1 1 1 3 1 4 0 0 1 3 2 2 2 2 2 4 1 1 0 0 3 3 1 1 2 2 1 3 1 3 2 2 0 0 1 4 2 2 2 4 1 1 4 4 0 0 4 4 1 1 1 1 0 0 0 0 2 2 2 4 0 0 1 3 3 3
Fpet.205  Fpet.205.12     4 4 4 4 0 0 0 0 0 0 0 0 0 0 0 0 1 3 2 2 0 0 0 0 0 0 4 4 1 1 1 1 3 3 0 0 0 0 1 1 4 4 0 0 4 4 3 3 0 0 1 3 2 2 2 2 1 3 1 3 2 2 0 0 4 4 2 4 2 2 1 3 4 4 0 0 4 4 1 1 1 1 0 0 0 0 2 2 4 4 0 0 1 1 3 3
Fpet.205  Fpet.205.13     4 4 4 4 3 3 4 4 4 4 2 3 0 0 3 3 1 3 1 2 0 0 3 3 4 4 4 4 1 1 1 2 3 3 1 1 2 2 1 3 4 4 2 3 2 4 3 3 0 0 3 3 2 2 2 4 1 1 1 3 2 4 0 0 1 4 2 2 4 4 1 1 4 4 0 0 1 4 3 3 1 3 0 0 0 0 2 4 4 4 0 0 3 3 3 3
Fpet.205  Fpet.205.14     2 4 0 0 0 0 4 4 0 0 0 0 0 0 0 0 1 3 2 2 0 0 0 0 0 0 4 4 1 1 0 0 0 0 1 4 0 0 0 0 4 4 2 2 2 2 3 3 0 0 3 3 2 2 4 4 1 1 1 3 2 2 0 0 1 4 2 2 4 4 1 1 4 4 0 0 1 4 3 3 1 3 0 0 0 0 2 2 4 4 0 0 1 3 3 3
Fpet.205  Fpet.205.15     4 4 4 4 0 0 4 4 4 4 2 3 0 0 3 3 1 3 1 2 0 0 0 0 4 4 4 4 1 1 1 2 0 0 0 0 0 0 1 1 4 4 3 3 4 4 3 3 0 0 3 3 2 2 2 4 1 3 1 3 0 0 0 0 1 4 2 2 4 4 0 0 4 4 0 0 4 4 3 3 1 1 0 0 0 0 4 4 4 4 0 0 1 3 3 3
Fpet.205  Fpet.205.16     0 0 4 4 0 0 4 4 4 4 2 2 0 0 3 3 1 3 1 1 0 0 3 3 0 0 4 4 1 1 1 2 0 0 1 4 0 0 1 1 0 0 2 3 0 0 3 3 0 0 3 3 2 2 4 4 1 1 1 3 2 2 0 0 4 4 2 2 4 4 1 1 4 4 0 0 1 4 3 3 0 0 0 0 0 0 4 4 4 4 0 0 3 3 3 3
Fpet.205  Fpet.205.17     2 2 2 2 0 0 0 0 0 0 0 0 0 0 0 0 1 3 0 0 0 0 0 0 0 0 4 4 0 0 0 0 0 0 0 0 0 0 3 3 2 2 0 0 0 0 3 3 0 0 0 0 2 2 0 0 3 3 1 3 0 0 0 0 0 0 0 0 0 0 3 3 4 4 0 0 1 1 0 0 1 3 0 0 0 0 2 2 0 0 0 0 0 0 0 0
Fpet.205  Fpet.205.18     2 2 4 4 0 0 4 4 1 4 3 3 0 0 3 3 1 3 2 2 0 0 3 3 2 2 2 2 1 3 1 1 1 1 1 1 0 0 1 3 4 4 2 2 2 2 3 3 0 0 0 0 1 1 2 2 3 3 1 3 4 4 0 0 1 1 2 4 2 2 1 1 0 0 0 0 1 1 1 3 0 0 0 0 0 0 2 2 0 0 0 0 1 1 3 3
Fpet.205  Fpet.205.19A    4 4 4 4 0 0 0 0 1 1 0 0 0 0 3 3 1 3 2 2 0 0 0 0 0 0 4 4 0 0 0 0 0 0 1 1 0 0 3 3 4 4 2 2 0 0 1 1 0 0 0 0 2 2 0 0 1 1 1 3 0 0 0 0 0 0 2 2 4 4 1 1 0 0 0 0 0 0 0 0 1 1 0 0 0 0 0 0 0 0 0 0 0 0 0 0
Fpet.205  Fpet.205.19B    4 4 0 0 0 0 0 0 0 0 0 0 0 0 0 0 1 3 0 0 0 0 0 0 0 0 0 0 0 0 0 0 0 0 0 0 0 0 0 0 4 4 0 0 0 0 1 1 0 0 0 0 2 2 2 2 0 0 1 3 2 2 0 0 0 0 0 0 0 0 1 1 0 0 0 0 0 0 3 3 0 0 0 0 0 0 2 2 0 0 0 0 0 0 3 3
Fpet.205  Fpet.205.20     2 2 4 4 0 0 2 2 4 4 3 3 0 0 0 0 1 3 0 0 0 0 0 0 0 0 2 2 3 3 0 0 0 0 4 4 0 0 1 3 4 4 0 0 4 4 3 3 0 0 3 3 2 2 2 2 1 1 1 3 2 2 0 0 1 1 4 4 4 4 0 0 0 0 0 0 4 4 0 0 0 0 0 0 0 0 0 0 2 2 0 0 1 1 0 0
Fpet.205  Fpet.205.21     4 4 4 4 0 0 2 2 1 1 3 3 0 0 0 0 1 3 2 2 0 0 4 4 2 2 4 4 3 3 2 2 0 0 1 1 0 0 1 1 0 0 0 0 0 0 3 3 0 0 1 3 2 2 0 0 1 1 1 3 2 2 0 0 4 4 2 4 2 2 1 1 2 2 0 0 4 4 1 1 1 1 0 0 0 0 4 4 4 4 0 0 1 1 3 3
Fpet.205  Fpet.205.22     0 0 0 0 0 0 4 4 1 1 0 0 0 0 0 0 1 3 0 0 0 0 0 0 0 0 0 0 0 0 0 0 0 0 0 0 0 0 0 0 0 0 0 0 0 0 0 0 0 0 0 0 0 0 0 0 1 1 1 3 4 4 0 0 0 0 2 2 0 0 1 1 0 0 0 0 0 0 0 0 0 0 0 0 0 0 0 0 0 0 0 0 0 0 3 3
Fpet.205  Fpet.205.23     0 0 0 0 0 0 0 0 0 0 0 0 0 0 0 0 3 3 0 0 0 0 0 0 0 0 0 0 0 0 0 0 0 0 0 0 0 0 0 0 0 0 0 0 0 0 0 0 0 0 0 0 0 0 0 0 0 0 1 3 0 0 0 0 0 0 0 0 0 0 0 0 0 0 0 0 0 0 0 0 0 0 0 0 0 0 0 0 0 0 0 0 0 0 0 0
Fpet.205  Fpet.205.24     2 2 4 4 1 1 0 0 1 1 2 2 0 0 3 3 1 3 2 2 0 0 3 3 4 4 0 0 0 0 1 1 1 1 4 4 0 0 3 3 2 2 2 2 2 4 1 3 0 0 0 0 0 0 2 2 3 3 1 3 2 2 0 0 1 1 2 4 0 0 0 0 0 0 0 0 0 0 0 0 3 3 0 0 0 0 0 0 4 4 0 0 0 0 3 3
Fpet.205  Fpet.205.25     0 0 0 0 0 0 0 0 1 1 0 0 0 0 0 0 1 3 0 0 0 0 0 0 0 0 2 2 0 0 1 1 1 3 0 0 0 0 0 0 0 0 3 3 0 0 3 3 0 0 3 3 0 0 0 0 1 3 1 3 2 2 0 0 0 0 0 0 0 0 0 0 0 0 0 0 0 0 0 0 1 1 0 0 0 0 0 0 4 4 0 0 0 0 1 1
Fpet.205  Fpet.205.26     0 0 0 0 0 0 4 4 0 0 0 0 0 0 0 0 1 3 0 0 0 0 0 0 0 0 0 0 0 0 0 0 0 0 0 0 0 0 0 0 0 0 0 0 4 4 3 3 0 0 0 0 0 0 0 0 1 3 1 3 4 4 0 0 0 0 0 0 0 0 0 0 0 0 0 0 0 0 0 0 0 0 0 0 0 0 0 0 0 0 0 0 0 0 0 0
Fpet.205  Fpet.205.27     2 4 4 4 0 0 4 4 1 1 3 3 0 0 3 3 0 0 1 2 0 0 3 3 4 4 4 4 1 3 2 2 3 3 1 1 0 0 3 3 2 2 2 2 4 4 1 3 0 0 3 3 2 2 2 2 3 3 1 3 0 0 0 0 0 0 2 4 2 4 1 1 2 2 0 0 1 1 3 3 1 1 0 0 0 0 0 0 4 4 0 0 3 3 3 3
Fpet.205  Fpet.205.28     4 4 4 4 0 0 4 4 1 4 2 3 0 0 3 3 1 3 2 2 0 0 3 3 2 4 4 4 1 1 1 1 1 3 1 4 0 0 3 3 2 4 2 2 4 4 3 3 0 0 3 3 1 2 2 2 3 3 1 3 2 2 0 0 4 4 2 2 2 4 1 1 4 4 0 0 1 1 1 3 3 3 0 0 0 0 2 4 4 4 0 0 1 3 3 3
Fpet.205  Fpet.205.29     4 4 4 4 0 0 4 4 1 1 3 3 0 0 0 0 1 3 2 2 0 0 0 0 2 2 2 2 1 1 2 2 0 0 0 0 0 0 1 1 2 4 2 2 2 4 1 1 0 0 0 0 0 0 4 4 1 3 1 3 2 2 0 0 1 4 2 2 2 2 1 1 0 0 0 0 1 1 0 0 1 1 0 0 0 0 0 0 4 4 0 0 3 3 1 3
Fpet.205  Fpet.205.30     0 0 0 0 0 0 2 2 0 0 0 0 0 0 0 0 3 3 2 2 0 0 0 0 0 0 0 0 1 1 0 0 1 1 0 0 0 0 0 0 0 0 0 0 2 2 0 0 0 0 0 0 0 0 4 4 1 1 1 3 2 2 0 0 0 0 0 0 2 2 0 0 0 0 0 0 0 0 0 0 0 0 0 0 0 0 0 0 0 0 0 0 0 0 3 3
Fpet.205  Fpet.205.31     2 4 4 4 0 0 2 2 1 1 3 3 0 0 3 3 1 3 2 2 0 0 3 3 4 4 2 4 1 1 1 2 1 1 1 4 4 4 1 3 4 4 2 3 2 4 3 3 0 0 3 3 1 1 2 4 3 3 1 3 2 4 0 0 1 4 2 2 2 4 1 3 4 4 0 0 1 4 1 3 1 1 0 0 0 0 2 4 2 4 0 0 1 1 3 3
Fpet.205  Fpet.205.32     0 0 0 0 0 0 0 0 0 0 2 2 0 0 3 3 1 3 0 0 0 0 0 0 0 0 0 0 1 3 0 0 0 0 4 4 0 0 0 0 0 0 0 0 4 4 0 0 0 0 0 0 1 1 0 0 0 0 1 3 0 0 0 0 0 0 0 0 0 0 0 0 4 4 0 0 4 4 3 3 0 0 0 0 0 0 0 0 2 2 0 0 0 0 0 0
Fpet.205  Fpet.205.33     0 0 4 4 0 0 0 0 1 1 2 3 0 0 3 3 3 3 0 0 0 0 0 0 0 0 4 4 0 0 0 0 0 0 0 0 0 0 0 0 0 0 0 0 4 4 0 0 0 0 3 3 2 2 2 2 1 1 1 3 2 2 0 0 1 1 0 0 4 4 3 3 0 0 0 0 1 4 3 3 1 1 0 0 0 0 0 0 0 0 0 0 0 0 3 3
Fpet.205  Fpet.205.34     2 2 0 0 0 0 2 2 1 1 2 3 0 0 3 3 1 3 0 0 0 0 4 4 0 0 2 4 0 0 0 0 0 0 1 4 0 0 0 0 0 0 3 3 0 0 3 3 0 0 3 3 2 2 2 2 1 1 1 3 2 2 0 0 1 1 4 4 0 0 0 0 2 4 0 0 1 4 3 3 0 0 0 0 0 0 4 4 2 2 0 0 0 0 3 3
Fpet.205  Fpet.205.35     4 4 4 4 1 1 2 2 1 1 2 3 0 0 3 3 1 3 1 1 0 0 4 4 0 0 0 0 1 1 1 1 1 1 0 0 0 0 1 1 2 4 3 3 4 4 3 3 0 0 3 3 2 2 2 2 1 1 1 3 2 2 0 0 1 1 2 2 2 4 3 3 4 4 0 0 1 1 3 3 1 1 0 0 0 0 2 4 2 2 0 0 1 1 3 3
Fpet.205  Fpet.205.36     2 2 2 2 0 0 0 0 1 1 2 2 0 0 3 3 1 3 2 2 0 0 4 4 2 2 2 4 1 3 1 1 3 3 4 4 0 0 1 1 4 4 2 2 2 4 1 1 0 0 3 3 2 2 2 2 0 0 1 3 2 2 0 0 4 4 2 2 2 4 1 1 4 4 0 0 1 1 1 3 1 1 0 0 0 0 2 2 2 2 0 0 1 1 1 1
Fpet.205  Fpet.205.37     2 4 4 4 0 0 2 2 1 1 2 2 0 0 3 3 1 3 1 2 0 0 3 3 4 4 4 4 1 1 1 2 3 3 1 4 4 4 3 3 2 2 2 2 4 4 1 3 0 0 1 3 1 2 4 4 1 1 1 3 2 2 0 0 1 1 2 2 2 4 1 1 4 4 0 0 1 1 1 1 1 3 0 0 0 0 2 4 4 4 0 0 1 3 1 1
Fpet.205  Fpet.205.38     0 0 0 0 0 0 0 0 0 0 0 0 0 0 0 0 0 0 0 0 0 0 0 0 0 0 0 0 0 0 0 0 0 0 0 0 0 0 0 0 0 0 0 0 0 0 0 0 0 0 0 0 0 0 0 0 1 1 0 0 4 4 0 0 0 0 0 0 0 0 0 0 0 0 0 0 0 0 0 0 0 0 0 0 0 0 0 0 0 0 0 0 0 0 0 0
Fpet.205  Fpet.205.39     2 4 4 4 0 0 0 0 1 1 0 0 0 0 3 3 1 3 2 2 0 0 3 3 4 4 0 0 1 1 2 2 0 0 1 1 0 0 0 0 2 2 0 0 0 0 1 1 0 0 1 1 2 2 4 4 1 1 1 3 2 2 0 0 1 1 2 2 2 2 1 1 0 0 0 0 1 1 1 1 1 1 0 0 0 0 4 4 4 4 0 0 3 3 0 0
Fpet.205  Fpet.205.40     0 0 0 0 0 0 0 0 0 0 0 0 0 0 0 0 1 3 1 1 0 0 0 0 0 0 0 0 0 0 0 0 0 0 1 1 0 0 0 0 0 0 2 2 4 4 0 0 0 0 0 0 0 0 4 4 0 0 1 3 4 4 0 0 0 0 2 2 2 2 0 0 0 0 0 0 0 0 0 0 1 1 0 0 0 0 4 4 0 0 0 0 0 0 1 3
Fpet.205  Fpet.205.41     0 0 0 0 0 0 0 0 0 0 0 0 0 0 0 0 3 3 0 0 0 0 3 3 0 0 0 0 0 0 0 0 0 0 1 1 0 0 0 0 0 0 0 0 4 4 0 0 0 0 3 3 2 2 0 0 1 1 1 3 2 4 0 0 0 0 2 2 2 2 0 0 4 4 0 0 1 1 1 3 0 0 0 0 0 0 0 0 0 0 0 0 3 3 1 3
Fpet.205  Fpet.205.42A    0 0 0 0 0 0 4 4 1 1 3 3 0 0 0 0 3 3 0 0 0 0 0 0 2 2 0 0 0 0 1 1 0 0 4 4 0 0 0 0 0 0 0 0 2 2 3 3 0 0 3 3 2 2 2 2 1 1 1 3 2 2 0 0 0 0 2 2 2 2 0 0 4 4 0 0 1 1 3 3 1 1 0 0 0 0 0 0 4 4 0 0 3 3 1 1
Fpet.205  Fpet.205.42B    2 4 4 4 0 0 2 4 1 1 3 3 0 0 1 3 1 3 1 1 0 0 3 3 4 4 2 4 1 1 1 1 1 3 1 1 0 0 3 3 2 4 2 3 2 2 3 3 0 0 1 1 1 2 2 2 1 1 1 3 2 2 0 0 1 1 2 2 2 2 1 1 4 4 0 0 1 4 3 3 1 1 0 0 0 0 2 2 4 4 0 0 1 3 3 3
Fpet.205  Fpet.205.43     4 4 0 0 0 0 0 0 0 0 0 0 0 0 0 0 3 3 0 0 0 0 0 0 0 0 0 0 0 0 0 0 0 0 0 0 0 0 0 0 0 0 0 0 4 4 0 0 0 0 0 0 2 2 4 4 1 1 1 3 2 2 0 0 0 0 2 2 0 0 0 0 0 0 0 0 4 4 3 3 0 0 0 0 0 0 0 0 0 0 0 0 0 0 0 0
Fpet.205  Fpet.205.44     2 2 4 4 0 0 2 4 1 4 2 2 0 0 3 3 1 3 1 2 0 0 3 4 4 4 2 4 1 3 1 2 1 3 1 4 0 0 1 1 2 4 2 2 2 4 3 3 0 0 3 3 1 2 4 4 1 1 1 3 2 2 0 0 1 1 2 2 2 2 1 1 4 4 0 0 1 1 1 3 3 3 0 0 0 0 2 4 4 4 0 0 1 1 3 3
Fpet.205  Fpet.205.45     4 4 4 4 0 0 4 4 4 4 3 3 0 0 3 3 1 3 1 2 0 0 3 4 2 2 2 4 3 3 1 1 1 1 1 1 0 0 3 3 4 4 2 2 2 4 3 3 0 0 1 3 2 2 4 4 1 1 1 3 2 2 0 0 1 1 2 4 2 2 1 1 2 2 0 0 1 4 3 3 1 3 0 0 0 0 2 4 4 4 0 0 1 3 1 3
Fpet.205  Fpet.205.46     4 4 0 0 0 0 4 4 4 4 3 3 0 0 3 3 1 3 0 0 0 0 0 0 0 0 4 4 0 0 0 0 0 0 0 0 0 0 3 3 0 0 2 2 0 0 3 3 0 0 0 0 2 2 0 0 0 0 1 3 0 0 0 0 1 1 0 0 2 2 0 0 2 2 0 0 0 0 0 0 0 0 0 0 0 0 0 0 0 0 0 0 3 3 3 3
Fpet.205  Fpet.205.47     0 0 0 0 0 0 0 0 0 0 3 3 0 0 0 0 1 3 1 1 0 0 0 0 4 4 0 0 0 0 0 0 0 0 0 0 0 0 3 3 0 0 0 0 0 0 3 3 0 0 1 3 1 2 2 4 1 3 1 3 0 0 0 0 1 4 2 4 4 4 1 1 0 0 0 0 1 4 1 3 1 3 0 0 0 0 2 4 0 0 0 0 1 1 0 0
Fpet.205  Fpet.205.48     0 0 0 0 0 0 0 0 0 0 0 0 0 0 0 0 3 3 0 0 0 0 0 0 0 0 2 2 0 0 0 0 0 0 0 0 0 0 0 0 0 0 2 2 4 4 0 0 0 0 1 1 0 0 0 0 1 3 1 3 2 2 0 0 1 1 2 2 0 0 1 1 0 0 0 0 1 1 0 0 3 3 0 0 0 0 2 2 0 0 0 0 3 3 1 3
Fpet.205  Fpet.205.49     0 0 0 0 0 0 2 2 0 0 0 0 0 0 0 0 1 3 0 0 0 0 0 0 0 0 0 0 3 3 0 0 0 0 0 0 0 0 0 0 0 0 0 0 2 2 0 0 0 0 0 0 0 0 0 0 0 0 0 0 0 0 0 0 0 0 0 0 0 0 0 0 0 0 0 0 0 0 0 0 0 0 0 0 0 0 0 0 0 0 0 0 0 0 0 0
Fpet.205  Fpet.205.49B    2 2 4 4 0 0 2 2 1 1 3 3 0 0 3 3 1 3 2 2 0 0 4 4 2 2 2 2 1 3 1 1 3 3 4 4 0 0 1 1 2 4 2 2 2 2 1 3 0 0 1 1 2 2 0 0 3 3 1 3 2 2 0 0 1 1 2 2 4 4 3 3 4 4 0 0 0 0 3 3 0 0 0 0 0 0 2 2 2 2 0 0 1 3 1 1
Fpet.205  Fpet.205.50     0 0 4 4 0 0 0 0 1 1 0 0 0 0 0 0 1 3 0 0 0 0 0 0 0 0 4 4 0 0 0 0 1 3 0 0 0 0 0 0 0 0 0 0 2 2 0 0 0 0 0 0 2 2 0 0 1 3 1 3 2 4 0 0 1 4 2 2 4 4 1 1 0 0 0 0 4 4 1 1 1 1 0 0 0 0 4 4 2 2 0 0 0 0 1 1
Fpet.205  Fpet.205.51     2 4 4 4 0 0 0 0 1 1 0 0 0 0 0 0 1 3 2 2 0 0 0 0 4 4 4 4 1 1 0 0 3 3 4 4 0 0 0 0 4 4 3 3 2 2 0 0 0 0 1 1 1 1 2 2 1 1 1 3 2 2 0 0 4 4 0 0 2 4 1 1 2 2 0 0 1 1 3 3 3 3 0 0 0 0 2 2 2 2 0 0 1 3 1 1
Fpet.205  Fpet.205.52     0 0 4 4 0 0 2 2 0 0 0 0 0 0 3 3 1 3 2 2 0 0 0 0 0 0 0 0 1 1 0 0 1 1 0 0 0 0 3 3 4 4 0 0 4 4 3 3 0 0 1 1 1 1 2 4 0 0 1 3 2 2 0 0 1 1 2 2 2 2 1 1 2 4 0 0 1 1 3 3 1 1 0 0 0 0 0 0 0 0 0 0 0 0 1 3
Fpet.205  Fpet.205.53     2 4 4 4 3 3 4 4 1 4 3 3 0 0 1 3 1 3 2 2 0 0 3 3 2 4 2 4 1 1 1 1 1 1 1 1 0 0 1 1 2 4 2 2 4 4 1 3 0 0 1 3 1 2 2 2 1 3 1 3 2 4 0 0 4 4 2 4 2 2 1 1 2 2 0 0 1 1 3 3 1 3 0 0 0 0 2 2 4 4 0 0 1 3 1 3
Fpet.205  Fpet.205.54     0 0 4 4 0 0 2 2 1 4 0 0 0 0 0 0 1 3 0 0 0 0 4 4 4 4 2 4 1 1 1 1 0 0 4 4 0 0 1 1 2 2 2 2 4 4 3 3 0 0 1 1 0 0 0 0 1 1 1 3 2 2 0 0 0 0 0 0 4 4 3 3 4 4 0 0 1 1 3 3 3 3 0 0 0 0 4 4 4 4 0 0 1 3 0 0
Fpet.205  Fpet.205.56     2 4 4 4 0 0 4 4 1 4 2 3 0 0 3 3 1 3 2 2 0 0 0 0 4 4 4 4 1 3 1 2 1 1 4 4 0 0 1 1 4 4 2 2 4 4 3 3 0 0 3 3 2 2 2 2 0 0 1 3 2 2 0 0 1 1 0 0 4 4 1 1 2 4 0 0 0 0 1 1 1 3 0 0 0 0 2 2 4 4 0 0 3 3 1 3
Fpet.205  Fpet.205.57     0 0 0 0 0 0 0 0 1 4 0 0 0 0 0 0 3 3 0 0 0 0 4 4 0 0 0 0 0 0 0 0 0 0 0 0 0 0 0 0 0 0 0 0 2 2 0 0 0 0 0 0 0 0 0 0 0 0 1 3 0 0 0 0 0 0 0 0 0 0 0 0 0 0 0 0 0 0 0 0 0 0 0 0 0 0 0 0 0 0 0 0 0 0 1 3