
------------------------------------------------
Parsed Fluidigm SNP data set.
---------------------------------------------

Input data files:  Fpet.Plates05.06.SNPs1.24.csv and Fpet.Plates05.06.SNPs25.48.csv

NUMBER_OF_INDIVIDUALS = 192
NUMBER_OF_LOCI = 48

Locus names 1-24:  Fpet.12 Fpet.21 Fpet.14 Fpet.20 Fpet.15 Fpet.19 Fpet.16 Fpet.17 Fpet.02 Fpet.29 Fpet.22 Fpet.10 Fpet.03 Fpet.28 Fpet.23 Fpet.09 Fpet.04 Fpet.27 Fpet.24 Fpet.08 Fpet.06 Fpet.26 Fpet.25 Fpet.07
Locus names 25-48: Fpet.40 Fpet.49 Fpet.41 Fpet.48 Fpet.43 Fpet.47 Fpet.44 Fpet.46 Fpet.30 Fpet.60 Fpet.50 Fpet.39 Fpet.31 Fpet.58 Fpet.51 Fpet.37 Fpet.32 Fpet.55 Fpet.52 Fpet.35 Fpet.33 Fpet.54 Fpet.53 Fpet.34

The parsed SNP data table in NasonFile format (sorted by tree id):

# Input filenames = Data/Fpet.Plates05.06.SNPs1.24.csv and Data/Fpet.Plates05.06.SNPs25.48.csv
allele_delimiter = whitespace
inheritance = codominant
locus_names = Fpet.12 Fpet.21 Fpet.14 Fpet.20 Fpet.15 Fpet.19 Fpet.16 Fpet.17 Fpet.02 Fpet.29 Fpet.22 Fpet.10 Fpet.03 Fpet.28 Fpet.23 Fpet.09 Fpet.04 Fpet.27 Fpet.24 Fpet.08 Fpet.06 Fpet.26 Fpet.25 Fpet.07 Fpet.40 Fpet.49 Fpet.41 Fpet.48 Fpet.43 Fpet.47 Fpet.44 Fpet.46 Fpet.30 Fpet.60 Fpet.50 Fpet.39 Fpet.31 Fpet.58 Fpet.51 Fpet.37 Fpet.32 Fpet.55 Fpet.52 Fpet.35 Fpet.33 Fpet.54 Fpet.53 Fpet.34
Fpet.70.05.m2   0 0 4 4 0 0 2 2 1 1 0 0 0 0 0 0 3 3 0 0 0 0 0 0 0 0 0 0 0 0 0 0 0 0 4 4 0 0 0 0 0 0 3 3 4 4 0 0 0 0 0 0 0 0 0 0 0 0 3 3 0 0 0 0 0 0 0 0 0 0 0 0 0 0 0 0 0 0 0 0 0 0 0 0 0 0 0 0 0 0 0 0 0 0 0 0
Fpet.70.05.m3   0 0 0 0 0 0 2 2 0 0 0 0 0 0 0 0 3 3 0 0 0 0 0 0 0 0 0 0 0 0 0 0 0 0 0 0 0 0 0 0 0 0 0 0 2 2 0 0 0 0 0 0 0 0 2 2 0 0 1 3 0 0 0 0 1 1 0 0 2 2 1 1 0 0 0 0 0 0 0 0 0 0 0 0 0 0 0 0 2 4 0 0 0 0 0 0
Fpet.70.05.m6   0 0 0 0 0 0 0 0 0 0 0 0 0 0 0 0 3 3 0 0 0 0 0 0 0 0 0 0 0 0 1 1 0 0 0 0 0 0 0 0 0 0 0 0 0 0 0 0 0 0 0 0 0 0 0 0 1 1 3 3 0 0 0 0 0 0 0 0 0 0 0 0 0 0 0 0 0 0 0 0 0 0 0 0 0 0 0 0 0 0 0 0 0 0 0 0
Fpet.70.05.m7   4 4 4 4 0 0 2 4 0 0 2 3 0 0 0 0 1 3 2 2 0 0 0 0 4 4 0 0 1 1 1 1 3 3 4 4 0 0 0 0 0 0 3 3 4 4 0 0 0 0 0 0 0 0 0 0 0 0 3 3 0 0 0 0 1 1 0 0 0 0 0 0 0 0 0 0 4 4 3 3 1 1 0 0 0 0 0 0 0 0 0 0 0 0 1 1
Fpet.70.06.m1   4 4 4 4 0 0 0 0 1 1 3 3 0 0 0 0 1 3 2 2 0 0 0 0 0 0 4 4 0 0 0 0 0 0 1 4 0 0 0 0 0 0 3 3 0 0 3 3 0 0 1 1 2 2 0 0 1 1 3 3 2 4 0 0 0 0 0 0 2 4 0 0 4 4 0 0 1 1 0 0 1 1 0 0 0 0 2 2 2 2 0 0 0 0 1 1
Fpet.70.09.m1   0 0 0 0 0 0 0 0 0 0 0 0 0 0 0 0 3 3 0 0 0 0 0 0 0 0 0 0 1 1 0 0 0 0 0 0 0 0 0 0 0 0 0 0 0 0 0 0 0 0 0 0 1 1 0 0 0 0 3 3 0 0 0 0 0 0 0 0 0 0 0 0 2 4 0 0 0 0 0 0 0 0 0 0 0 0 0 0 0 0 0 0 0 0 1 1
Fpet.70.63.m1   0 0 0 0 0 0 0 0 0 0 0 0 0 0 0 0 0 0 0 0 0 0 0 0 0 0 0 0 0 0 0 0 0 0 0 0 0 0 0 0 0 0 0 0 0 0 0 0 0 0 0 0 0 0 0 0 0 0 0 0 0 0 0 0 0 0 0 0 0 0 0 0 0 0 0 0 0 0 0 0 0 0 0 0 0 0 0 0 0 0 0 0 0 0 0 0
Fpet.100.11     4 4 4 4 0 0 4 4 1 1 2 3 0 0 3 3 1 3 2 2 0 0 3 3 4 4 4 4 1 3 2 2 1 3 1 1 0 0 1 3 2 4 3 3 2 2 1 3 0 0 1 3 1 1 4 4 1 3 1 3 4 4 0 0 1 1 2 4 2 2 3 3 4 4 0 0 1 1 1 3 1 3 0 0 0 0 2 2 4 4 0 0 1 1 3 3
Fpet.100.12     2 2 2 4 0 0 2 2 1 4 3 3 0 0 3 3 1 3 1 1 0 0 0 0 4 4 2 4 1 1 1 1 3 3 1 1 4 4 3 3 2 4 2 2 4 4 1 3 0 0 1 1 1 2 0 0 3 3 1 3 2 2 0 0 0 0 4 4 2 4 1 1 4 4 0 0 1 1 3 3 1 3 0 0 0 0 0 0 4 4 0 0 1 3 0 0
Fpet.100.13     2 4 2 2 0 0 4 4 1 1 3 3 0 0 3 3 1 3 2 2 0 0 3 3 4 4 2 2 1 1 1 1 1 3 1 1 0 0 1 3 0 0 3 3 2 2 1 3 0 0 0 0 1 1 4 4 3 3 1 3 4 4 0 0 1 1 2 2 2 2 1 3 2 2 0 0 4 4 3 3 1 1 0 0 0 0 2 2 4 4 0 0 1 1 1 3
Fpet.100.4      2 4 2 4 0 0 4 4 4 4 3 3 0 0 3 3 1 3 2 2 0 0 3 3 0 0 2 2 1 1 0 0 0 0 1 1 0 0 1 1 2 2 3 3 2 2 3 3 0 0 1 1 0 0 4 4 1 3 1 3 2 2 0 0 0 0 0 0 2 2 0 0 2 2 0 0 1 1 3 3 0 0 0 0 0 0 2 2 0 0 0 0 1 1 1 3
Fpet.100.5      4 4 2 4 0 0 4 4 1 1 3 3 0 0 3 3 1 3 2 2 0 0 3 3 4 4 2 2 1 3 2 2 0 0 1 1 0 0 1 3 2 4 2 3 2 4 1 1 0 0 1 3 1 1 2 4 3 3 1 3 4 4 0 0 4 4 4 4 2 2 1 3 4 4 0 0 1 1 3 3 1 1 0 0 0 0 2 2 4 4 0 0 1 1 1 3
Fpet.100.7      4 4 2 2 0 0 2 2 1 1 3 3 0 0 3 3 1 3 2 2 0 0 3 3 0 0 2 2 1 3 0 0 1 1 1 1 0 0 1 1 2 4 2 2 2 2 1 1 0 0 3 3 1 2 2 2 3 3 1 3 2 2 0 0 1 1 2 2 2 2 3 3 4 4 0 0 1 1 3 3 3 3 0 0 0 0 0 0 4 4 0 0 1 1 1 3
Fpet.100.8      2 2 2 2 0 0 2 2 1 1 3 3 0 0 3 3 1 3 2 2 0 0 3 3 4 4 2 2 1 3 2 2 3 3 1 1 0 0 1 1 2 4 2 3 2 2 1 1 0 0 3 3 0 0 2 2 3 3 1 3 2 2 0 0 1 1 2 2 0 0 3 3 2 2 0 0 1 1 3 3 1 3 0 0 0 0 2 2 2 4 0 0 1 1 1 3
Fpet.100.9      4 4 2 4 0 0 2 4 1 1 3 3 0 0 3 3 1 3 2 2 0 0 3 3 4 4 2 2 1 1 1 2 3 3 1 1 4 4 1 1 2 4 3 3 2 2 1 3 0 0 1 1 1 2 4 4 3 3 1 3 2 4 0 0 1 1 2 4 2 4 1 3 2 4 0 0 1 1 3 3 1 1 0 0 0 0 2 2 4 4 0 0 1 1 1 1
Fpet.103.1      4 4 2 2 0 0 4 4 1 1 3 3 0 0 3 3 1 3 2 2 0 0 3 3 4 4 2 2 1 1 2 2 3 3 1 1 0 0 1 1 2 4 3 3 2 2 1 1 0 0 1 3 1 1 4 4 3 3 1 3 2 4 0 0 1 1 2 2 2 2 1 3 2 2 0 0 1 1 3 3 1 1 0 0 0 0 2 2 2 4 0 0 1 1 1 3
Fpet.103.2      4 4 2 2 0 0 2 4 1 1 3 3 0 0 3 3 1 3 2 2 0 0 3 3 4 4 2 2 1 1 2 2 3 3 1 1 0 0 1 1 2 2 3 3 2 2 1 1 0 0 1 1 1 1 2 4 1 3 1 3 4 4 0 0 1 1 2 2 2 2 1 1 2 2 0 0 1 1 3 3 1 1 0 0 0 0 2 4 4 4 0 0 1 1 1 3
Fpet.103.3      4 4 2 2 0 0 4 4 1 1 3 3 0 0 3 3 1 3 0 0 0 0 3 3 4 4 2 2 0 0 2 2 0 0 1 1 0 0 1 1 2 2 3 3 2 2 1 1 0 0 1 1 0 0 2 2 1 3 1 3 4 4 0 0 1 1 2 2 2 2 3 3 0 0 0 0 1 1 0 0 1 1 0 0 0 0 4 4 4 4 0 0 1 1 0 0
Fpet.103.4      0 0 0 0 0 0 0 0 0 0 0 0 0 0 0 0 0 0 0 0 0 0 0 0 0 0 0 0 0 0 0 0 0 0 0 0 0 0 0 0 0 0 0 0 4 4 0 0 0 0 0 0 0 0 0 0 0 0 0 0 0 0 0 0 0 0 0 0 0 0 0 0 0 0 0 0 0 0 0 0 0 0 0 0 0 0 0 0 0 0 0 0 0 0 0 0
Fpet.103.5      0 0 4 4 0 0 2 2 0 0 0 0 0 0 0 0 3 3 0 0 0 0 0 0 0 0 0 0 1 1 0 0 0 0 0 0 0 0 1 1 0 0 0 0 2 2 1 1 0 0 1 1 0 0 0 0 0 0 1 3 0 0 0 0 0 0 2 2 2 2 0 0 0 0 0 0 1 1 0 0 0 0 0 0 0 0 0 0 2 4 0 0 1 1 0 0
Fpet.104.1      4 4 0 0 0 0 4 4 1 1 0 0 0 0 0 0 1 3 2 2 0 0 0 0 4 4 4 4 0 0 0 0 0 0 0 0 0 0 1 1 2 2 3 3 4 4 3 3 0 0 0 0 1 1 0 0 1 1 1 3 0 0 0 0 0 0 2 2 4 4 1 1 2 2 0 0 1 1 0 0 0 0 0 0 0 0 2 2 4 4 0 0 1 1 1 1
Fpet.104.10     4 4 2 2 0 0 4 4 1 1 3 3 0 0 3 3 1 3 2 2 0 0 3 4 4 4 2 2 1 1 0 0 0 0 4 4 0 0 1 3 0 0 3 3 2 2 1 3 0 0 3 3 2 2 4 4 1 1 1 3 0 0 0 0 0 0 2 2 2 2 3 3 2 2 0 0 0 0 3 3 0 0 0 0 0 0 2 2 2 4 0 0 3 3 1 3
Fpet.104.11     4 4 4 4 0 0 4 4 1 1 3 3 0 0 3 3 1 3 2 2 0 0 3 3 4 4 2 4 1 1 2 2 3 3 1 4 0 0 1 1 2 4 3 3 2 4 1 3 0 0 3 3 1 1 2 4 3 3 1 3 4 4 0 0 1 1 2 2 2 4 1 1 2 2 0 0 1 4 1 1 1 1 0 0 0 0 2 2 4 4 0 0 1 1 1 3
Fpet.104.12     2 2 2 4 0 0 2 4 1 1 2 3 0 0 1 3 1 3 2 2 0 0 3 4 2 4 2 4 1 3 1 2 3 3 1 4 0 0 1 3 2 4 2 3 4 4 1 3 0 0 1 3 1 2 4 4 1 3 1 3 2 2 0 0 1 1 2 4 0 0 1 1 4 4 0 0 1 4 1 3 1 1 0 0 0 0 2 2 2 2 0 0 1 1 1 3
Fpet.104.13     2 2 4 4 0 0 2 4 1 4 2 2 0 0 1 3 1 3 2 2 0 0 3 4 2 2 2 4 1 3 1 2 3 3 1 4 0 0 1 3 4 4 2 3 4 4 1 1 0 0 3 3 1 2 2 4 1 3 1 3 2 2 0 0 1 1 2 4 2 4 1 1 2 2 0 0 1 1 3 3 1 1 0 0 0 0 2 2 4 4 0 0 1 1 1 3
Fpet.104.2      4 4 2 4 0 0 2 4 1 1 3 3 0 0 1 3 1 3 2 2 0 0 3 4 2 4 2 2 1 1 2 2 3 3 1 4 0 0 3 3 4 4 3 3 2 2 1 1 0 0 1 3 1 2 2 2 3 3 1 3 2 2 0 0 1 1 2 2 2 4 1 1 4 4 0 0 1 4 3 3 1 3 0 0 0 0 4 4 4 4 0 0 1 3 1 3
Fpet.104.3      4 4 2 2 0 0 4 4 1 1 3 3 0 0 1 3 1 3 2 2 0 0 0 0 2 2 4 4 1 1 2 2 3 3 1 1 0 0 1 3 2 4 2 3 2 2 1 1 0 0 0 0 1 1 2 2 0 0 1 3 2 2 0 0 1 1 0 0 2 2 1 1 4 4 0 0 0 0 0 0 0 0 0 0 0 0 0 0 2 2 0 0 3 3 0 0
Fpet.104.4      4 4 2 4 0 0 4 4 1 1 3 3 0 0 3 3 1 3 2 2 0 0 3 3 4 4 2 4 1 3 2 2 0 0 1 1 0 0 1 3 2 4 3 3 2 2 1 3 0 0 1 3 1 1 2 2 1 3 1 3 4 4 0 0 1 1 4 4 2 4 1 3 2 2 0 0 1 1 1 3 1 1 0 0 0 0 2 2 4 4 0 0 1 1 1 3
Fpet.104.5      4 4 2 4 1 1 2 4 1 1 2 3 0 0 3 3 1 3 2 2 0 0 3 3 2 4 2 2 1 3 1 2 3 3 1 4 0 0 3 3 2 4 3 3 2 4 1 3 0 0 1 3 1 1 2 4 1 1 1 3 2 4 0 0 1 4 2 4 2 2 1 3 2 4 0 0 1 1 1 3 1 1 0 0 0 0 2 4 4 4 0 0 1 1 1 3
Fpet.104.6      2 4 4 4 0 0 4 4 1 1 3 3 0 0 3 3 1 3 2 2 0 0 3 3 2 4 2 2 1 1 1 1 3 3 1 1 0 0 3 3 2 4 3 3 2 2 1 3 0 0 1 1 1 2 2 2 3 3 1 3 2 4 0 0 1 1 2 4 2 2 1 3 2 2 0 0 1 4 3 3 1 1 0 0 0 0 2 2 4 4 0 0 1 1 1 3
Fpet.104.7      2 4 2 4 0 0 4 4 1 1 2 3 0 0 3 3 1 3 2 2 0 0 3 3 4 4 2 2 1 1 1 2 3 3 1 1 0 0 1 3 4 4 3 3 2 2 1 3 0 0 1 3 1 1 2 2 1 3 1 3 4 4 0 0 1 1 4 4 2 2 1 1 2 4 0 0 1 4 3 3 1 1 0 0 0 0 2 2 4 4 0 0 1 1 1 3
Fpet.104.8      4 4 2 2 0 0 4 4 1 1 3 3 0 0 3 3 1 3 2 2 0 0 3 3 4 4 2 2 1 1 2 2 3 3 1 4 0 0 1 3 4 4 3 3 2 4 1 1 0 0 1 1 1 2 2 4 3 3 1 3 2 2 0 0 1 1 2 2 4 4 3 3 2 4 0 0 1 4 3 3 1 1 0 0 0 0 2 2 4 4 0 0 1 1 1 3
Fpet.104.9      2 4 2 2 0 0 2 4 1 1 3 3 0 0 3 3 1 3 2 2 0 0 3 3 4 4 2 4 1 3 2 2 1 3 1 4 4 4 1 3 2 2 3 3 2 4 1 3 0 0 1 3 1 2 4 4 1 1 1 3 2 2 0 0 1 1 2 4 2 4 3 3 2 2 0 0 1 4 1 3 1 1 0 0 0 0 2 2 2 4 0 0 1 1 3 3
Fpet.121.01     2 4 4 4 0 0 4 4 0 0 0 0 0 0 0 0 1 3 1 1 0 0 3 3 2 2 0 0 1 1 1 2 3 3 0 0 0 0 3 3 4 4 3 3 2 2 0 0 0 0 0 0 1 2 2 2 1 1 3 3 2 4 0 0 0 0 0 0 0 0 1 1 0 0 0 0 0 0 0 0 1 1 0 0 0 0 0 0 0 0 0 0 1 3 1 3
Fpet.121.02     4 4 2 2 0 0 4 4 1 1 3 3 0 0 1 3 1 3 2 2 0 0 0 0 4 4 0 0 0 0 1 1 0 0 4 4 0 0 0 0 2 2 3 3 0 0 0 0 0 0 3 3 2 2 0 0 1 1 3 3 0 0 0 0 0 0 2 2 0 0 1 1 2 2 0 0 0 0 0 0 1 3 0 0 0 0 2 2 2 4 0 0 1 1 1 3
Fpet.121.03     4 4 2 4 0 0 0 0 1 1 3 3 0 0 1 1 1 3 2 2 0 0 3 4 0 0 4 4 1 1 1 2 3 3 1 1 4 4 3 3 4 4 2 3 2 4 1 3 0 0 3 3 2 2 2 2 3 3 3 3 2 2 0 0 1 1 2 2 2 2 1 1 4 4 0 0 1 1 0 0 1 1 0 0 0 0 2 4 0 0 0 0 1 1 1 3
Fpet.121.04     0 0 0 0 0 0 0 0 0 0 0 0 0 0 0 0 3 3 2 2 0 0 0 0 0 0 0 0 3 3 0 0 0 0 0 0 0 0 3 3 0 0 3 3 4 4 0 0 0 0 0 0 0 0 0 0 0 0 3 3 0 0 0 0 0 0 0 0 4 4 0 0 0 0 0 0 0 0 3 3 0 0 0 0 0 0 2 2 0 0 0 0 0 0 1 3
Fpet.158.10A    2 2 2 4 0 0 2 4 1 1 3 3 0 0 3 3 1 3 2 2 0 0 0 0 4 4 2 2 1 3 2 2 1 1 1 4 0 0 1 3 2 2 2 2 2 4 1 1 0 0 3 3 1 1 4 4 3 3 1 3 4 4 0 0 1 1 2 2 2 2 1 1 4 4 0 0 1 1 1 1 0 0 0 0 0 0 2 2 0 0 0 0 1 1 3 3
Fpet.158.10B    2 2 2 2 0 0 4 4 1 1 2 3 0 0 3 3 1 3 1 2 0 0 3 4 4 4 2 2 1 3 2 2 1 1 1 4 4 4 1 3 4 4 2 2 2 4 1 3 0 0 3 3 1 1 4 4 1 3 1 3 2 2 0 0 1 4 2 2 2 2 1 1 4 4 0 0 1 4 3 3 1 1 0 0 0 0 2 4 2 4 0 0 1 1 3 3
Fpet.158.10C    2 2 4 4 0 0 4 4 4 4 3 3 0 0 1 3 1 3 0 0 0 0 0 0 0 0 4 4 3 3 1 1 1 3 1 1 0 0 0 0 2 4 2 3 0 0 3 3 0 0 1 1 2 2 2 4 1 1 1 3 2 2 0 0 1 1 2 2 2 4 1 1 4 4 0 0 1 4 1 3 3 3 0 0 0 0 2 4 2 4 0 0 1 1 1 3
Fpet.158.10D    2 2 0 0 0 0 4 4 0 0 0 0 0 0 0 0 1 3 0 0 0 0 0 0 0 0 4 4 0 0 1 1 3 3 4 4 0 0 0 0 4 4 0 0 2 2 3 3 0 0 1 1 1 1 0 0 1 3 1 3 2 4 0 0 0 0 2 4 4 4 1 1 4 4 0 0 0 0 3 3 3 3 0 0 0 0 4 4 0 0 0 0 3 3 1 1
Fpet.158.10E    2 2 4 4 0 0 0 0 0 0 0 0 0 0 0 0 1 3 0 0 0 0 0 0 2 2 4 4 3 3 0 0 0 0 0 0 0 0 0 0 4 4 2 2 0 0 3 3 0 0 1 1 0 0 2 2 1 1 1 3 4 4 0 0 1 1 4 4 0 0 0 0 2 4 0 0 4 4 0 0 1 3 0 0 0 0 0 0 0 0 0 0 1 1 1 3
Fpet.158.12     2 2 4 4 0 0 2 2 1 1 3 3 0 0 3 3 0 0 2 2 0 0 3 3 4 4 0 0 3 3 1 1 3 3 0 0 0 0 0 0 2 2 2 2 4 4 3 3 0 0 3 3 1 1 2 2 1 3 1 3 2 4 0 0 1 1 2 2 2 4 1 1 2 4 0 0 0 0 1 1 3 3 0 0 0 0 2 4 0 0 0 0 0 0 1 3
Fpet.158.120N   2 2 2 4 0 0 2 2 1 1 2 3 0 0 1 3 1 3 0 0 0 0 3 4 2 2 4 4 1 1 1 1 1 1 1 4 0 0 3 3 4 4 2 2 2 4 1 1 0 0 3 3 2 2 0 0 1 1 1 3 4 4 0 0 4 4 2 2 2 4 1 1 2 4 0 0 4 4 0 0 0 0 0 0 0 0 2 2 0 0 0 0 0 0 1 3
Fpet.158.120S   2 2 4 4 0 0 2 2 1 1 2 2 0 0 3 3 1 3 2 2 0 0 3 3 4 4 2 4 3 3 1 1 1 3 1 4 0 0 1 3 2 4 2 3 4 4 1 1 0 0 1 1 1 1 4 4 3 3 1 3 2 4 0 0 1 1 2 4 2 4 1 1 2 2 0 0 4 4 3 3 1 3 0 0 0 0 4 4 2 2 0 0 1 1 1 3
Fpet.158.121    0 0 0 0 0 0 0 0 0 0 0 0 0 0 3 3 3 3 0 0 0 0 0 0 0 0 0 0 0 0 0 0 0 0 0 0 0 0 0 0 0 0 0 0 4 4 0 0 0 0 0 0 0 0 0 0 0 0 1 3 0 0 0 0 0 0 0 0 0 0 0 0 0 0 0 0 0 0 0 0 0 0 0 0 0 0 0 0 0 0 0 0 0 0 0 0
Fpet.158.123A   2 4 4 4 0 0 2 4 4 4 0 0 0 0 1 3 1 3 1 2 0 0 4 4 0 0 4 4 1 3 1 2 0 0 4 4 0 0 3 3 4 4 2 2 2 2 1 1 0 0 1 3 1 2 2 2 3 3 1 3 4 4 0 0 1 4 2 2 2 2 1 1 2 2 0 0 1 1 1 1 1 3 0 0 0 0 4 4 2 2 0 0 1 3 1 3
Fpet.158.124    2 2 4 4 1 1 2 4 1 4 3 3 0 0 3 3 1 3 1 1 0 0 3 4 2 4 4 4 1 1 1 1 3 3 4 4 2 2 1 3 4 4 2 2 4 4 3 3 0 0 3 3 2 2 2 2 3 3 1 3 0 0 0 0 1 1 0 0 2 4 1 1 2 2 0 0 1 4 1 1 3 3 0 0 0 0 4 4 2 2 0 0 1 3 1 3
Fpet.158.125    2 2 2 2 0 0 2 2 1 1 2 3 0 0 1 3 1 3 2 2 0 0 3 4 4 4 2 2 1 1 1 1 3 3 4 4 4 4 3 3 2 4 2 2 4 4 1 1 0 0 0 0 0 0 4 4 3 3 1 3 4 4 0 0 1 1 2 2 2 2 0 0 4 4 0 0 4 4 3 3 3 3 0 0 0 0 2 2 0 0 0 0 3 3 1 3
Fpet.158.126    2 2 2 4 0 0 2 2 1 1 2 2 0 0 1 3 1 3 2 2 0 0 3 3 2 2 4 4 1 3 1 1 1 1 1 4 0 0 3 3 2 4 2 2 4 4 1 1 0 0 1 3 1 1 4 4 1 3 1 3 2 2 0 0 1 4 2 4 4 4 1 1 4 4 0 0 1 1 3 3 1 1 0 0 0 0 2 2 2 2 0 0 1 1 1 3
Fpet.158.127    4 4 2 4 0 0 2 2 1 1 2 3 0 0 1 3 1 3 2 2 0 0 3 3 4 4 4 4 1 3 2 2 1 3 4 4 0 0 1 3 2 2 2 2 2 4 1 1 0 0 3 3 0 0 0 0 1 1 1 3 0 0 0 0 0 0 0 0 0 0 1 1 4 4 0 0 4 4 1 3 3 3 0 0 0 0 2 4 4 4 0 0 0 0 1 3
Fpet.158.128    2 4 4 4 3 3 2 4 1 1 2 3 0 0 1 3 1 3 2 2 0 0 3 4 2 4 4 4 1 3 2 2 1 1 1 4 2 4 1 3 2 4 2 3 4 4 1 1 0 0 3 3 2 2 4 4 3 3 1 3 0 0 0 0 1 1 2 2 4 4 1 1 2 4 0 0 1 1 1 1 1 1 0 0 0 0 2 2 2 4 0 0 3 3 1 3
Fpet.158.129    2 4 2 4 0 0 2 2 1 1 2 2 0 0 3 3 1 3 2 2 0 0 3 4 4 4 4 4 3 3 1 1 1 3 1 1 0 0 1 3 4 4 2 2 2 4 3 3 0 0 1 1 1 2 4 4 0 0 1 3 2 4 0 0 1 4 0 0 4 4 1 1 0 0 0 0 4 4 1 3 1 1 0 0 0 0 0 0 2 4 0 0 1 1 0 0
Fpet.158.13     2 2 4 4 0 0 2 4 1 1 3 3 0 0 1 1 1 3 2 2 0 0 3 3 4 4 2 4 1 3 1 1 3 3 1 4 4 4 3 3 2 4 2 2 4 4 1 1 0 0 1 3 1 1 2 4 0 0 1 3 4 4 0 0 1 4 2 2 2 4 1 1 2 4 0 0 4 4 3 3 1 3 0 0 0 0 2 4 2 4 0 0 1 1 1 3
Fpet.158.130    2 2 4 4 0 0 2 2 1 1 3 3 0 0 3 3 1 3 1 2 0 0 4 4 2 2 4 4 1 1 1 2 1 3 1 4 0 0 1 3 2 4 2 2 4 4 1 3 0 0 1 1 1 2 2 4 3 3 1 3 2 2 0 0 4 4 2 2 2 2 1 1 2 4 0 0 1 4 3 3 1 1 0 0 0 0 4 4 4 4 0 0 1 1 1 3
Fpet.158.131    2 4 2 4 0 0 2 4 1 4 2 3 0 0 3 3 1 3 2 2 0 0 4 4 2 4 4 4 1 1 0 0 1 1 1 4 0 0 3 3 2 2 2 2 2 4 3 3 0 0 1 1 1 2 2 4 1 3 1 3 4 4 0 0 1 4 4 4 2 2 1 1 2 2 0 0 1 1 3 3 1 3 0 0 0 0 4 4 4 4 0 0 1 3 3 3
Fpet.158.132    4 4 0 0 0 0 0 0 0 0 0 0 0 0 0 0 3 3 0 0 0 0 0 0 0 0 0 0 0 0 0 0 0 0 0 0 0 0 0 0 0 0 0 0 0 0 3 3 0 0 0 0 2 2 0 0 0 0 1 3 0 0 0 0 0 0 0 0 2 2 0 0 0 0 0 0 1 1 0 0 0 0 0 0 0 0 0 0 0 0 0 0 0 0 1 1
Fpet.158.14     2 2 4 4 0 0 2 4 1 1 3 3 0 0 1 1 1 3 2 2 0 0 0 0 2 2 4 4 3 3 1 1 3 3 1 1 0 0 3 3 0 0 2 2 2 2 1 1 0 0 3 3 1 2 2 2 1 3 1 3 2 2 0 0 1 1 4 4 2 2 1 1 4 4 0 0 1 1 3 3 3 3 0 0 0 0 2 2 2 4 0 0 3 3 3 3
Fpet.158.140    0 0 4 4 0 0 0 0 0 0 3 3 0 0 0 0 3 3 0 0 0 0 0 0 0 0 4 4 0 0 0 0 0 0 0 0 0 0 0 0 0 0 0 0 2 4 1 1 0 0 1 1 1 1 0 0 1 3 1 3 0 0 0 0 4 4 0 0 2 2 1 1 0 0 0 0 1 1 1 1 0 0 0 0 0 0 2 2 2 2 0 0 1 1 1 1
Fpet.158.141    4 4 0 0 0 0 0 0 0 0 3 3 0 0 1 1 3 3 0 0 0 0 0 0 0 0 0 0 0 0 0 0 0 0 0 0 0 0 1 1 2 4 2 2 4 4 0 0 0 0 0 0 2 2 4 4 0 0 1 3 2 4 0 0 1 1 0 0 4 4 1 1 0 0 0 0 1 1 0 0 0 0 0 0 0 0 4 4 0 0 0 0 3 3 1 1
Fpet.158.19     2 2 2 4 0 0 2 4 1 4 2 2 0 0 1 3 1 3 1 2 0 0 0 0 2 2 4 4 1 1 1 1 1 3 1 1 4 4 1 1 2 4 2 2 4 4 1 3 0 0 3 3 2 2 2 2 3 3 1 3 2 2 0 0 1 4 2 2 2 4 1 1 4 4 0 0 1 1 3 3 1 1 0 0 0 0 2 2 2 4 0 0 1 3 3 3
Fpet.158.20     2 2 2 4 0 0 2 4 1 1 3 3 0 0 3 3 1 3 2 2 0 0 4 4 2 4 4 4 1 1 1 2 1 3 4 4 0 0 3 3 2 2 2 3 2 2 1 1 0 0 0 0 1 1 4 4 1 1 1 3 0 0 0 0 1 1 2 2 0 0 1 1 4 4 0 0 1 1 3 3 1 1 0 0 0 0 2 2 4 4 0 0 1 1 0 0
Fpet.158.21     2 4 4 4 0 0 2 2 1 1 2 2 0 0 3 3 1 3 1 2 0 0 3 3 2 2 4 4 1 1 1 2 1 1 1 1 0 0 1 3 4 4 2 3 2 4 3 3 0 0 1 3 2 2 2 4 1 3 1 3 4 4 0 0 1 1 2 2 2 4 1 1 4 4 0 0 1 4 3 3 1 1 0 0 0 0 2 4 2 4 0 0 1 1 3 3
Fpet.158.22A    0 0 0 0 0 0 0 0 0 0 0 0 0 0 0 0 3 3 0 0 0 0 0 0 0 0 0 0 0 0 2 2 0 0 0 0 0 0 0 0 0 0 0 0 4 4 0 0 0 0 0 0 0 0 0 0 1 1 1 3 4 4 0 0 0 0 0 0 0 0 0 0 0 0 0 0 0 0 0 0 0 0 0 0 0 0 0 0 0 0 0 0 0 0 0 0
Fpet.158.22B    2 2 0 0 0 0 4 4 1 4 3 3 0 0 0 0 1 3 2 2 0 0 3 3 4 4 2 2 0 0 2 2 1 1 1 4 0 0 0 0 2 2 0 0 4 4 3 3 0 0 1 1 0 0 2 2 0 0 1 3 0 0 0 0 0 0 2 2 4 4 0 0 4 4 0 0 4 4 1 3 0 0 0 0 0 0 0 0 4 4 0 0 0 0 1 3
Fpet.158.22C    2 2 2 4 0 0 2 2 1 1 2 2 0 0 1 3 1 3 2 2 0 0 3 4 2 2 4 4 1 3 1 1 1 1 1 4 0 0 1 3 4 4 2 2 4 4 1 3 0 0 1 3 2 2 2 4 3 3 1 3 2 2 0 0 1 4 2 2 2 4 1 1 4 4 0 0 1 1 1 3 1 3 0 0 0 0 2 2 0 0 0 0 1 1 1 3
Fpet.158.22C    2 4 2 2 0 0 2 4 1 1 2 3 0 0 1 3 1 3 2 2 0 0 3 3 2 2 2 4 1 1 2 2 1 1 1 4 0 0 3 3 2 4 2 3 2 4 1 3 0 0 3 3 1 2 2 2 3 3 1 3 2 2 0 0 1 1 4 4 2 2 1 1 2 2 0 0 4 4 1 3 1 1 0 0 0 0 2 2 4 4 0 0 1 1 1 1
Fpet.158.22D    2 2 4 4 0 0 2 2 1 1 2 2 0 0 1 3 1 3 2 2 0 0 4 4 2 2 4 4 1 3 1 1 3 3 1 1 0 0 1 3 4 4 2 2 4 4 1 3 0 0 0 0 0 0 0 0 0 0 1 3 0 0 0 0 4 4 0 0 2 2 0 0 0 0 0 0 0 0 0 0 0 0 0 0 0 0 0 0 0 0 0 0 0 0 0 0
Fpet.158.22E    0 0 4 4 0 0 0 0 0 0 0 0 0 0 0 0 3 3 0 0 0 0 3 3 0 0 2 2 3 3 1 1 0 0 0 0 0 0 0 0 0 0 2 2 0 0 3 3 0 0 1 1 1 2 0 0 0 0 1 3 4 4 0 0 1 1 0 0 2 2 1 1 0 0 0 0 0 0 3 3 3 3 0 0 0 0 2 2 4 4 0 0 0 0 0 0
Fpet.158.23     2 4 2 4 0 0 2 2 1 1 2 2 0 0 3 3 1 3 2 2 0 0 4 4 2 4 2 2 1 1 0 0 1 3 1 1 4 4 3 3 4 4 3 3 4 4 1 1 0 0 1 1 1 2 4 4 1 3 1 3 2 2 0 0 1 1 2 2 4 4 1 1 2 2 0 0 1 4 3 3 3 3 0 0 0 0 2 2 4 4 0 0 0 0 1 3
Fpet.158.24     2 4 2 2 0 0 2 2 1 1 3 3 0 0 1 1 1 3 2 2 0 0 0 0 4 4 4 4 1 1 1 2 1 1 1 1 0 0 0 0 2 2 2 2 2 4 1 1 0 0 3 3 2 2 2 2 1 1 1 3 2 4 0 0 1 1 2 2 2 2 1 1 2 4 0 0 4 4 1 3 1 3 0 0 0 0 2 4 2 4 0 0 1 3 3 3
Fpet.158.25     2 2 2 2 0 0 2 2 1 1 3 3 0 0 3 3 1 3 0 0 0 0 3 3 2 4 2 4 1 3 0 0 3 3 1 4 0 0 0 0 2 2 3 3 2 2 1 3 0 0 1 1 0 0 0 0 0 0 1 3 4 4 0 0 1 1 2 2 2 2 1 1 4 4 0 0 1 1 3 3 3 3 0 0 0 0 2 4 2 4 0 0 3 3 3 3
Fpet.158.25N    0 0 0 0 0 0 0 0 4 4 0 0 0 0 0 0 3 3 0 0 0 0 0 0 2 2 0 0 0 0 0 0 0 0 0 0 0 0 0 0 0 0 0 0 4 4 0 0 0 0 0 0 1 1 2 2 0 0 1 3 0 0 0 0 0 0 2 2 0 0 0 0 0 0 0 0 1 1 0 0 0 0 0 0 0 0 0 0 0 0 0 0 0 0 1 1
Fpet.158.25S    2 2 2 4 0 0 0 0 4 4 0 0 0 0 3 3 1 3 2 2 0 0 4 4 2 2 4 4 1 3 0 0 1 1 0 0 0 0 3 3 4 4 0 0 4 4 1 1 0 0 3 3 1 1 4 4 0 0 1 3 2 2 0 0 1 1 2 2 2 4 1 1 0 0 0 0 1 1 3 3 3 3 0 0 0 0 2 2 4 4 0 0 1 3 1 3
Fpet.158.26     0 0 4 4 0 0 0 0 0 0 2 2 0 0 1 1 1 3 0 0 0 0 0 0 4 4 4 4 1 1 2 2 0 0 4 4 0 0 3 3 0 0 2 3 4 4 3 3 0 0 0 0 2 2 0 0 3 3 1 3 2 2 0 0 4 4 0 0 2 2 1 1 4 4 0 0 1 4 3 3 0 0 0 0 0 0 2 2 4 4 0 0 0 0 3 3
Fpet.158.27     0 0 4 4 0 0 0 0 0 0 0 0 0 0 0 0 3 3 0 0 0 0 0 0 0 0 0 0 3 3 0 0 0 0 0 0 0 0 0 0 0 0 0 0 4 4 0 0 0 0 0 0 0 0 0 0 1 1 1 3 4 4 0 0 0 0 0 0 0 0 0 0 0 0 0 0 1 1 0 0 0 0 0 0 0 0 0 0 0 0 0 0 0 0 0 0
Fpet.158.28     2 2 4 4 0 0 0 0 0 0 3 3 0 0 0 0 1 3 2 2 0 0 0 0 4 4 0 0 0 0 0 0 0 0 4 4 0 0 3 3 0 0 2 3 4 4 3 3 0 0 0 0 0 0 0 0 1 1 1 3 4 4 0 0 0 0 0 0 0 0 0 0 0 0 0 0 1 4 0 0 0 0 0 0 0 0 0 0 2 2 0 0 3 3 1 3
Fpet.158.29     2 2 2 2 0 0 0 0 4 4 3 3 0 0 3 3 1 3 2 2 0 0 3 4 0 0 4 4 1 3 1 1 1 1 0 0 0 0 3 3 4 4 2 3 0 0 3 3 0 0 3 3 0 0 0 0 0 0 1 3 2 2 0 0 0 0 0 0 2 2 0 0 0 0 0 0 0 0 0 0 0 0 0 0 0 0 0 0 4 4 0 0 0 0 0 0
Fpet.158.30     4 4 4 4 0 0 2 2 1 1 3 3 0 0 3 3 1 3 2 2 0 0 3 4 2 4 4 4 1 3 1 2 1 3 1 1 0 0 1 3 2 4 2 2 2 4 1 3 0 0 3 3 1 2 2 4 1 3 1 3 2 2 0 0 1 1 4 4 2 2 1 1 2 2 0 0 1 1 3 3 1 3 0 0 0 0 2 4 2 4 0 0 1 3 3 3
Fpet.158.31     2 2 2 2 0 0 2 2 1 1 3 3 0 0 1 3 1 3 2 2 0 0 3 3 4 4 2 4 3 3 1 2 1 1 1 1 0 0 3 3 2 2 2 3 2 2 1 3 0 0 1 3 1 1 2 4 1 1 1 3 2 2 0 0 1 4 2 2 2 4 1 1 2 4 0 0 4 4 1 1 1 1 0 0 0 0 2 2 2 2 0 0 1 1 3 3
Fpet.158.32     2 2 2 2 0 0 2 4 1 1 3 3 0 0 3 3 1 3 2 2 0 0 3 4 2 4 4 4 1 3 2 2 1 1 1 4 0 0 3 3 2 2 3 3 2 2 1 3 0 0 1 3 1 2 2 4 1 3 1 3 2 2 0 0 1 4 2 2 2 4 1 1 4 4 0 0 4 4 1 1 1 1 0 0 0 0 0 0 2 2 0 0 1 1 3 3
Fpet.158.33     0 0 0 0 0 0 0 0 0 0 0 0 0 0 0 0 0 0 0 0 0 0 0 0 0 0 0 0 0 0 0 0 0 0 0 0 0 0 0 0 0 0 0 0 4 4 0 0 0 0 0 0 0 0 0 0 1 3 0 0 0 0 0 0 0 0 0 0 0 0 0 0 0 0 0 0 0 0 0 0 0 0 0 0 0 0 0 0 0 0 0 0 0 0 0 0
Fpet.158.34     2 4 2 4 0 0 2 2 4 4 2 3 0 0 1 1 1 3 1 2 0 0 3 3 4 4 2 4 3 3 1 1 1 1 1 1 0 0 1 3 2 4 2 2 2 2 3 3 0 0 1 1 1 1 2 4 1 1 1 3 2 4 0 0 1 4 2 2 2 2 1 1 4 4 0 0 1 4 1 1 1 3 0 0 0 0 2 4 2 4 0 0 1 3 3 3
Fpet.158.35     2 2 2 4 0 0 2 4 1 1 3 3 0 0 1 1 1 3 2 2 0 0 3 3 2 2 4 4 1 3 1 1 3 3 1 4 0 0 1 3 2 4 3 3 4 4 3 3 0 0 1 1 2 2 4 4 0 0 1 3 4 4 0 0 1 1 0 0 2 2 1 1 0 0 0 0 1 1 3 3 1 1 0 0 0 0 2 2 4 4 0 0 0 0 0 0
Fpet.158.36     2 2 4 4 0 0 2 2 1 1 2 3 0 0 1 3 1 3 2 2 0 0 3 3 4 4 4 4 1 1 1 2 1 1 1 1 4 4 1 3 4 4 3 3 4 4 1 3 0 0 1 1 2 2 2 4 1 3 1 3 4 4 0 0 1 1 2 2 2 4 1 1 2 2 0 0 1 1 3 3 1 3 0 0 0 0 2 2 4 4 0 0 1 1 1 3
Fpet.158.37     0 0 4 4 0 0 2 2 1 1 3 3 0 0 3 3 3 3 2 2 0 0 0 0 0 0 4 4 1 1 1 2 0 0 1 1 0 0 3 3 2 4 2 3 2 2 0 0 0 0 0 0 0 0 0 0 0 0 0 0 0 0 0 0 0 0 0 0 0 0 0 0 0 0 0 0 0 0 0 0 0 0 0 0 0 0 0 0 0 0 0 0 0 0 0 0
Fpet.158.38     2 2 4 4 0 0 2 2 1 1 2 2 0 0 3 3 1 3 2 2 0 0 4 4 4 4 4 4 3 3 1 2 3 3 1 1 0 0 3 3 4 4 2 3 2 4 1 3 0 0 1 3 0 0 0 0 1 1 1 3 4 4 0 0 1 1 4 4 2 2 1 1 0 0 0 0 0 0 1 1 1 1 0 0 0 0 0 0 4 4 0 0 0 0 0 0
Fpet.158.39     2 2 2 4 0 0 4 4 1 1 2 3 0 0 1 3 1 3 2 2 0 0 4 4 4 4 4 4 1 3 1 2 1 1 1 4 0 0 1 3 2 4 2 2 2 4 1 3 0 0 0 0 1 1 0 0 1 1 1 3 4 4 0 0 0 0 4 4 0 0 1 1 4 4 0 0 0 0 0 0 1 1 0 0 0 0 0 0 4 4 0 0 0 0 0 0
Fpet.158.40     2 4 2 2 0 0 2 2 1 1 3 3 0 0 1 1 1 3 2 2 0 0 3 3 4 4 2 4 1 3 1 2 1 3 1 4 0 0 1 3 2 2 2 2 4 4 1 1 0 0 3 3 0 0 2 2 1 3 1 3 4 4 0 0 1 1 2 2 2 2 1 1 2 2 0 0 1 1 3 3 3 3 0 0 0 0 4 4 2 2 0 0 0 0 1 3
Fpet.158.41N    2 2 4 4 0 0 2 2 4 4 2 3 0 0 3 3 0 0 0 0 0 0 0 0 2 2 4 4 1 1 1 2 1 1 1 1 0 0 3 3 2 2 3 3 4 4 1 3 0 0 0 0 0 0 0 0 3 3 1 3 0 0 0 0 1 1 2 2 0 0 1 1 2 4 0 0 4 4 1 1 1 3 0 0 0 0 2 2 4 4 0 0 0 0 0 0
Fpet.158.41S    2 4 2 4 0 0 2 2 1 1 2 3 0 0 0 0 1 3 2 2 0 0 0 0 4 4 2 2 1 3 1 1 1 1 4 4 0 0 1 1 2 2 2 2 4 4 1 1 0 0 3 3 1 1 0 0 3 3 1 3 0 0 0 0 1 1 0 0 2 2 0 0 0 0 0 0 0 0 3 3 0 0 0 0 0 0 0 0 2 2 0 0 0 0 0 0
Fpet.158.42     2 2 0 0 0 0 2 2 0 0 0 0 0 0 0 0 3 3 0 0 0 0 0 0 0 0 4 4 0 0 2 2 0 0 0 0 0 0 0 0 0 0 0 0 0 0 0 0 0 0 0 0 2 2 0 0 3 3 1 3 2 2 0 0 1 4 0 0 2 2 0 0 4 4 0 0 4 4 0 0 1 1 0 0 0 0 4 4 0 0 0 0 1 1 0 0
Fpet.158.43     4 4 4 4 0 0 4 4 1 1 2 2 0 0 1 3 1 3 1 2 0 0 3 3 2 4 4 4 1 1 2 2 3 3 1 1 0 0 3 3 2 2 3 3 2 2 1 3 0 0 3 3 1 1 2 4 3 3 1 3 4 4 0 0 1 1 2 2 2 2 1 1 4 4 0 0 1 4 1 1 1 3 0 0 0 0 2 2 2 2 0 0 1 1 3 3
Fpet.158.44     0 0 0 0 0 0 0 0 0 0 0 0 0 0 3 3 0 0 0 0 0 0 0 0 0 0 0 0 0 0 0 0 0 0 0 0 0 0 0 0 0 0 0 0 4 4 0 0 0 0 3 3 0 0 0 0 1 1 1 3 4 4 0 0 0 0 0 0 0 0 0 0 0 0 0 0 0 0 0 0 0 0 0 0 0 0 0 0 0 0 0 0 3 3 0 0
Fpet.158.45     2 4 4 4 0 0 4 4 1 1 3 3 0 0 3 3 0 0 2 2 0 0 4 4 0 0 0 0 3 3 2 2 0 0 4 4 0 0 1 1 4 4 0 0 0 0 3 3 0 0 1 1 2 2 0 0 1 3 1 3 4 4 0 0 4 4 2 2 2 2 1 1 2 4 0 0 1 1 1 3 3 3 0 0 0 0 2 2 4 4 0 0 1 3 3 3
Fpet.158.46     2 2 0 0 0 0 2 4 1 1 2 3 0 0 1 3 1 3 2 2 0 0 0 0 0 0 4 4 0 0 0 0 3 3 1 1 0 0 0 0 0 0 2 3 4 4 0 0 0 0 3 3 1 1 0 0 1 3 1 3 2 4 0 0 0 0 4 4 0 0 0 0 0 0 0 0 0 0 1 1 0 0 0 0 0 0 2 4 4 4 0 0 1 1 1 3
Fpet.158.47     0 0 0 0 0 0 0 0 0 0 0 0 0 0 0 0 0 0 0 0 0 0 0 0 0 0 0 0 0 0 0 0 0 0 0 0 0 0 0 0 0 0 0 0 0 0 0 0 0 0 0 0 0 0 0 0 1 1 0 0 4 4 0 0 0 0 0 0 0 0 0 0 0 0 0 0 0 0 0 0 0 0 0 0 0 0 0 0 0 0 0 0 0 0 0 0
Fpet.158.48     2 4 4 4 0 0 2 4 1 1 2 3 0 0 3 3 1 3 2 2 0 0 4 4 4 4 4 4 1 3 2 2 3 3 1 4 0 0 1 1 4 4 2 2 4 4 3 3 0 0 1 1 2 2 4 4 3 3 1 3 4 4 0 0 4 4 2 2 2 2 1 1 4 4 0 0 1 1 1 3 1 3 0 0 0 0 2 2 2 4 0 0 1 3 3 3
Fpet.158.49     0 0 0 0 0 0 2 2 1 1 0 0 0 0 3 3 1 3 0 0 0 0 0 0 4 4 4 4 3 3 1 1 0 0 0 0 0 0 3 3 0 0 2 2 4 4 3 3 0 0 3 3 1 1 2 2 3 3 1 3 2 2 0 0 1 1 2 2 0 0 1 1 0 0 0 0 1 1 3 3 0 0 0 0 0 0 4 4 0 0 0 0 1 3 0 0
Fpet.158.51     0 0 0 0 0 0 0 0 4 4 0 0 0 0 0 0 3 3 0 0 0 0 0 0 0 0 0 0 0 0 0 0 0 0 0 0 0 0 0 0 0 0 0 0 4 4 1 1 0 0 0 0 0 0 0 0 1 1 1 3 4 4 0 0 0 0 0 0 2 2 0 0 0 0 0 0 0 0 0 0 0 0 0 0 0 0 0 0 0 0 0 0 0 0 0 0
Fpet.158.52     0 0 0 0 0 0 0 0 0 0 0 0 0 0 0 0 0 0 0 0 0 0 0 0 0 0 0 0 0 0 0 0 0 0 0 0 0 0 0 0 0 0 0 0 0 0 0 0 0 0 0 0 0 0 0 0 0 0 1 3 0 0 0 0 0 0 0 0 0 0 0 0 0 0 0 0 0 0 0 0 0 0 0 0 0 0 0 0 0 0 0 0 0 0 0 0
Fpet.158.53     0 0 4 4 0 0 0 0 0 0 0 0 0 0 3 3 1 3 0 0 0 0 0 0 0 0 4 4 0 0 0 0 0 0 0 0 0 0 0 0 0 0 0 0 0 0 0 0 0 0 0 0 0 0 0 0 0 0 1 3 2 4 0 0 0 0 0 0 0 0 0 0 0 0 0 0 1 1 0 0 0 0 0 0 0 0 2 2 0 0 0 0 0 0 1 1
Fpet.158.54     2 4 2 2 0 0 2 2 1 1 2 3 0 0 3 3 3 3 2 2 0 0 3 3 4 4 4 4 3 3 1 2 0 0 1 1 0 0 1 1 2 2 2 2 2 2 1 1 0 0 3 3 0 0 4 4 1 3 1 3 4 4 0 0 1 1 0 0 2 4 0 0 0 0 0 0 1 1 1 1 1 1 0 0 0 0 0 0 4 4 0 0 1 1 3 3
Fpet.158.55     2 2 4 4 0 0 2 2 1 1 2 3 0 0 1 3 3 3 2 2 0 0 0 0 2 4 4 4 1 3 1 2 1 1 1 1 0 0 1 3 4 4 2 2 2 2 1 1 0 0 3 3 2 2 2 2 1 1 1 3 2 2 0 0 1 1 2 2 2 4 1 1 4 4 0 0 1 1 3 3 1 3 0 0 0 0 2 2 2 4 0 0 1 3 1 3
Fpet.158.56     0 0 0 0 0 0 0 0 0 0 0 0 0 0 0 0 0 0 0 0 0 0 0 0 0 0 0 0 0 0 0 0 0 0 0 0 0 0 0 0 0 0 0 0 0 0 0 0 0 0 0 0 0 0 0 0 0 0 0 0 0 0 0 0 1 1 0 0 0 0 0 0 0 0 0 0 0 0 0 0 0 0 0 0 0 0 0 0 0 0 0 0 0 0 1 1
Fpet.158.56     2 4 2 2 0 0 2 2 1 1 2 3 0 0 3 3 1 3 2 2 0 0 0 0 4 4 4 4 1 1 2 2 3 3 1 1 0 0 1 3 2 4 2 2 2 2 1 3 0 0 0 0 1 1 2 4 1 1 1 3 4 4 0 0 0 0 0 0 0 0 1 1 4 4 0 0 0 0 0 0 0 0 0 0 0 0 0 0 0 0 0 0 0 0 1 3
Fpet.158.57     2 2 0 0 0 0 2 2 1 1 3 3 0 0 1 1 1 3 2 2 0 0 0 0 2 2 2 2 1 1 2 2 0 0 1 4 0 0 3 3 0 0 2 3 2 4 1 1 0 0 1 1 2 2 0 0 3 3 1 3 2 2 0 0 1 1 2 4 2 2 1 1 0 0 0 0 0 0 3 3 0 0 0 0 0 0 2 2 0 0 0 0 1 1 0 0
Fpet.158.59     4 4 2 4 0 0 2 2 1 1 2 2 0 0 1 1 1 3 1 2 0 0 3 4 4 4 4 4 1 1 2 2 3 3 1 4 4 4 3 3 2 2 2 3 4 4 3 3 0 0 1 3 2 2 2 2 3 3 1 3 2 2 0 0 1 4 2 4 2 2 1 1 4 4 0 0 1 1 3 3 1 1 0 0 0 0 2 2 2 4 0 0 1 1 1 3
Fpet.158.60     2 2 4 4 0 0 4 4 1 1 2 3 0 0 1 1 1 3 2 2 0 0 4 4 2 2 4 4 3 3 2 2 1 3 0 0 0 0 3 3 2 2 0 0 2 4 1 3 0 0 0 0 1 1 0 0 1 1 1 3 2 2 0 0 4 4 2 2 2 2 1 1 2 2 0 0 4 4 1 1 1 1 0 0 0 0 0 0 0 0 0 0 0 0 1 3
Fpet.158.61     0 0 0 0 0 0 0 0 0 0 0 0 0 0 0 0 0 0 0 0 0 0 0 0 0 0 0 0 0 0 0 0 0 0 0 0 0 0 0 0 0 0 0 0 0 0 0 0 0 0 0 0 0 0 0 0 0 0 0 0 0 0 0 0 0 0 0 0 0 0 0 0 0 0 0 0 0 0 0 0 0 0 0 0 0 0 0 0 0 0 0 0 0 0 0 0
Fpet.158.62     0 0 0 0 0 0 0 0 0 0 0 0 0 0 0 0 0 0 0 0 0 0 0 0 0 0 0 0 1 1 0 0 0 0 0 0 0 0 1 1 4 4 0 0 4 4 1 3 0 0 1 3 1 1 0 0 0 0 1 3 2 2 0 0 0 0 2 4 2 2 0 0 0 0 0 0 4 4 3 3 3 3 0 0 0 0 0 0 4 4 0 0 0 0 0 0
Fpet.158.64     4 4 4 4 0 0 2 4 1 1 3 3 0 0 1 3 1 3 2 2 0 0 0 0 4 4 2 2 1 3 1 2 0 0 1 4 0 0 3 3 2 2 2 2 2 4 1 3 0 0 0 0 0 0 2 2 3 3 1 3 0 0 0 0 4 4 0 0 0 0 1 1 0 0 0 0 4 4 0 0 3 3 0 0 0 0 4 4 0 0 0 0 3 3 1 3
Fpet.158.65A    2 4 0 0 0 0 2 4 1 1 2 3 0 0 1 1 1 3 2 2 0 0 3 4 4 4 4 4 1 1 1 2 0 0 1 4 0 0 1 3 4 4 2 2 2 4 1 1 0 0 0 0 0 0 0 0 1 1 1 3 4 4 0 0 0 0 0 0 0 0 0 0 0 0 0 0 0 0 0 0 0 0 0 0 0 0 0 0 0 0 0 0 0 0 1 1
Fpet.158.65C    2 4 4 4 0 0 0 0 1 4 3 3 0 0 3 3 1 3 2 2 0 0 4 4 2 4 0 0 1 3 2 2 3 3 1 1 0 0 3 3 2 2 2 2 2 4 3 3 0 0 0 0 0 0 4 4 0 0 1 3 2 2 0 0 1 1 0 0 4 4 0 0 0 0 0 0 0 0 1 1 1 1 0 0 0 0 0 0 4 4 0 0 1 3 1 1
Fpet.158.66     4 4 4 4 0 0 4 4 1 4 3 3 0 0 1 1 1 3 2 2 0 0 4 4 4 4 4 4 1 3 1 2 1 1 4 4 0 0 1 3 2 4 2 2 4 4 1 3 0 0 1 3 2 2 2 2 1 1 1 3 0 0 0 0 1 4 2 4 4 4 1 1 4 4 0 0 4 4 1 3 1 3 0 0 0 0 2 2 4 4 0 0 1 1 1 3
Fpet.158.67     4 4 4 4 0 0 2 2 1 1 0 0 0 0 0 0 3 3 2 2 0 0 0 0 4 4 4 4 0 0 1 1 1 1 1 1 0 0 3 3 0 0 2 2 2 2 0 0 0 0 1 1 2 2 0 0 0 0 1 3 0 0 0 0 1 1 2 2 0 0 1 1 0 0 0 0 1 4 0 0 3 3 0 0 0 0 2 2 0 0 0 0 1 1 0 0
Fpet.158.68     2 4 2 2 0 0 2 2 1 1 2 3 0 0 1 3 3 3 2 2 0 0 3 4 4 4 4 4 1 3 2 2 3 3 1 4 0 0 3 3 2 2 2 2 4 4 1 3 0 0 1 1 0 0 0 0 3 3 1 3 4 4 0 0 0 0 2 4 0 0 1 1 2 4 0 0 1 1 0 0 0 0 0 0 0 0 0 0 4 4 0 0 1 1 1 3
Fpet.158.69     0 0 0 0 0 0 0 0 1 1 3 3 0 0 0 0 3 3 0 0 0 0 0 0 0 0 0 0 0 0 1 1 0 0 0 0 0 0 3 3 0 0 0 0 0 0 0 0 0 0 0 0 0 0 0 0 0 0 1 3 0 0 0 0 1 1 0 0 0 0 0 0 0 0 0 0 0 0 3 3 0 0 0 0 0 0 0 0 0 0 0 0 0 0 1 3
Fpet.158.6A     2 2 2 4 0 0 2 4 1 1 2 2 0 0 3 3 1 3 1 2 0 0 4 4 2 2 4 4 1 1 1 2 0 0 1 4 0 0 1 1 2 4 2 2 4 4 1 3 0 0 3 3 2 2 4 4 1 1 1 3 2 2 0 0 4 4 2 2 2 2 1 1 2 4 0 0 1 1 3 3 1 1 0 0 0 0 2 2 2 4 0 0 1 1 3 3
Fpet.158.6B     2 2 2 2 0 0 2 4 0 0 3 3 0 0 1 3 1 3 1 1 0 0 0 0 2 2 4 4 1 3 2 2 1 3 1 4 0 0 1 3 0 0 2 2 4 4 1 1 0 0 3 3 2 2 2 2 1 3 1 3 2 2 0 0 0 0 0 0 0 0 1 1 2 2 0 0 1 1 1 1 1 3 0 0 0 0 2 2 2 2 0 0 1 1 0 0
Fpet.158.6C     2 2 2 4 0 0 2 2 0 0 2 2 0 0 1 3 1 3 0 0 0 0 0 0 2 2 4 4 0 0 0 0 0 0 4 4 0 0 3 3 0 0 2 2 4 4 1 1 0 0 1 3 1 2 2 4 3 3 1 3 2 2 0 0 1 4 2 4 2 2 1 1 2 4 0 0 1 4 1 3 1 3 0 0 0 0 2 2 2 4 0 0 1 1 3 3
Fpet.158.70     2 2 4 4 0 0 4 4 1 1 3 3 0 0 1 1 1 3 2 2 0 0 3 4 4 4 2 4 1 3 1 2 3 3 1 4 0 0 1 3 2 4 2 2 4 4 3 3 0 0 3 3 2 2 4 4 1 3 1 3 2 2 0 0 1 1 2 2 2 2 1 1 4 4 0 0 1 4 3 3 3 3 0 0 0 0 4 4 4 4 0 0 1 1 1 3
Fpet.158.71     2 4 2 4 0 0 4 4 1 4 2 3 0 0 1 3 1 3 2 2 0 0 3 4 4 4 4 4 1 3 1 2 3 3 4 4 4 4 1 3 2 2 2 2 4 4 1 1 0 0 1 3 2 2 4 4 3 3 1 3 2 2 0 0 1 1 2 2 2 2 1 1 4 4 0 0 1 4 1 3 1 3 0 0 0 0 2 2 4 4 0 0 1 1 1 3
Fpet.158.72B    2 4 2 4 0 0 2 4 1 1 2 3 0 0 1 3 1 3 2 2 0 0 3 3 4 4 2 2 3 3 1 1 1 3 4 4 0 0 1 1 2 2 2 2 4 4 1 1 0 0 1 3 1 1 2 2 3 3 1 3 2 2 0 0 1 1 2 4 2 4 1 1 2 4 0 0 1 4 1 1 1 3 0 0 0 0 2 4 4 4 0 0 1 3 1 3
Fpet.158.72C    2 4 4 4 0 0 2 4 1 1 2 3 0 0 1 1 1 3 2 2 0 0 4 4 4 4 2 4 1 3 0 0 1 1 4 4 4 4 0 0 2 2 2 2 2 4 3 3 0 0 1 3 2 2 4 4 1 3 1 3 2 4 0 0 1 1 4 4 2 2 1 1 4 4 0 0 1 4 3 3 1 1 0 0 0 0 4 4 4 4 0 0 3 3 1 3
Fpet.158.72N    0 0 0 0 0 0 0 0 0 0 0 0 0 0 0 0 0 0 0 0 0 0 0 0 0 0 0 0 0 0 0 0 0 0 0 0 0 0 0 0 0 0 0 0 4 4 0 0 0 0 0 0 0 0 0 0 0 0 0 0 0 0 0 0 0 0 0 0 0 0 0 0 0 0 0 0 0 0 0 0 0 0 0 0 0 0 0 0 0 0 0 0 0 0 1 1
Fpet.158.72S    2 4 4 4 0 0 2 2 1 1 3 3 0 0 1 3 1 3 2 2 0 0 4 4 2 2 2 4 1 1 2 2 3 3 4 4 2 2 3 3 2 4 2 2 4 4 1 1 0 0 1 1 1 2 2 2 3 3 1 3 2 2 0 0 1 1 2 2 2 2 3 3 4 4 0 0 1 1 1 3 3 3 0 0 0 0 2 4 4 4 0 0 1 1 1 3
Fpet.158.7A     2 4 2 2 0 0 2 2 4 4 2 3 0 0 0 0 1 3 2 2 0 0 0 0 0 0 0 0 1 3 2 2 0 0 0 0 0 0 1 1 4 4 2 2 4 4 3 3 0 0 3 3 1 2 4 4 1 3 1 3 4 4 0 0 0 0 2 4 4 4 0 0 2 2 0 0 1 1 1 3 1 3 0 0 0 0 4 4 4 4 0 0 3 3 0 0
Fpet.158.7B     2 2 2 4 0 0 4 4 1 1 3 3 0 0 1 3 1 3 2 2 0 0 4 4 2 2 4 4 1 1 2 2 1 1 4 4 0 0 1 3 0 0 2 3 4 4 3 3 0 0 1 3 1 2 4 4 1 3 1 3 2 2 0 0 4 4 4 4 2 4 1 1 0 0 0 0 1 1 1 3 1 3 0 0 0 0 4 4 4 4 0 0 1 3 1 3
Fpet.158.8      2 2 0 0 0 0 2 4 1 1 2 3 0 0 3 3 1 3 2 2 0 0 0 0 4 4 0 0 3 3 2 2 3 3 0 0 4 4 0 0 0 0 2 3 4 4 3 3 0 0 0 0 1 2 2 2 1 1 1 3 4 4 0 0 0 0 2 4 0 0 0 0 0 0 0 0 1 1 0 0 1 1 0 0 0 0 0 0 0 0 0 0 1 1 1 3
Fpet.158.9      2 2 4 4 0 0 2 2 1 1 3 3 0 0 0 0 1 3 1 1 0 0 3 4 0 0 0 0 0 0 0 0 0 0 4 4 0 0 0 0 2 2 3 3 0 0 1 3 0 0 1 1 1 2 2 2 1 1 1 3 2 2 0 0 0 0 2 4 0 0 0 0 4 4 0 0 1 1 3 3 0 0 0 0 0 0 2 2 0 0 0 0 0 0 0 0
Fpet.205.01     2 2 4 4 0 0 2 2 1 1 2 3 0 0 3 3 3 3 2 2 0 0 0 0 2 2 4 4 1 1 1 2 3 3 1 4 0 0 1 3 2 4 2 3 2 4 3 3 0 0 1 1 2 2 2 2 1 1 1 3 2 2 0 0 1 1 2 2 2 2 1 1 2 4 0 0 1 4 1 1 1 1 0 0 0 0 2 2 0 0 0 0 3 3 1 1
Fpet.205.02     2 2 2 2 0 0 2 2 1 4 3 3 0 0 0 0 0 0 1 2 0 0 0 0 4 4 2 4 1 1 0 0 1 1 1 1 0 0 1 1 4 4 2 2 4 4 1 3 0 0 3 3 0 0 2 2 1 3 1 3 2 4 0 0 0 0 4 4 4 4 1 1 2 2 0 0 4 4 0 0 1 1 0 0 0 0 4 4 4 4 0 0 0 0 3 3
Fpet.205.03     4 4 4 4 0 0 2 4 1 1 2 3 0 0 3 3 1 3 1 2 0 0 3 3 2 4 2 4 1 1 1 1 1 3 1 4 4 4 1 3 4 4 3 3 2 2 3 3 0 0 1 3 1 2 2 4 1 1 1 3 2 2 0 0 1 1 2 2 2 4 1 1 2 2 0 0 1 1 3 3 1 1 0 0 0 0 2 4 2 4 0 0 1 1 1 1
Fpet.205.04     2 4 4 4 0 0 2 2 1 1 2 3 0 0 3 3 1 3 1 2 0 0 3 3 4 4 4 4 1 1 1 2 3 3 1 4 4 4 3 3 4 4 3 3 2 2 1 3 0 0 1 1 2 2 2 2 1 1 1 3 2 2 0 0 4 4 2 2 2 4 1 1 2 2 0 0 4 4 3 3 1 1 0 0 0 0 2 2 4 4 0 0 1 3 1 1
Fpet.205.05     2 4 2 4 0 0 2 4 1 4 2 3 0 0 3 3 1 3 2 2 0 0 3 3 2 2 2 4 1 3 1 1 3 3 1 4 4 4 3 3 2 2 2 2 2 4 3 3 0 0 1 3 2 2 2 2 3 3 1 3 2 2 0 0 1 4 2 2 2 2 3 3 2 4 0 0 1 1 1 3 1 1 0 0 0 0 2 4 4 4 0 0 1 1 1 3
Fpet.205.06     2 2 4 4 0 0 4 4 0 0 3 3 0 0 3 3 1 3 2 2 0 0 4 4 4 4 4 4 1 1 2 2 3 3 1 4 0 0 1 3 4 4 2 3 2 2 1 3 0 0 3 3 0 0 0 0 1 1 1 3 4 4 0 0 1 1 0 0 2 2 1 1 4 4 0 0 1 1 3 3 0 0 0 0 0 0 2 2 0 0 0 0 0 0 0 0
Fpet.205.07     2 4 4 4 0 0 4 4 1 1 3 3 0 0 1 3 1 3 1 2 0 0 3 4 2 2 2 4 1 1 1 2 1 1 1 4 0 0 1 1 2 2 2 2 2 4 1 1 0 0 0 0 0 0 2 2 1 1 1 3 2 2 0 0 0 0 2 2 0 0 0 0 4 4 0 0 4 4 1 3 0 0 0 0 0 0 0 0 2 2 0 0 0 0 0 0
Fpet.205.08     4 4 4 4 0 0 4 4 1 1 3 3 0 0 1 3 1 3 1 2 0 0 3 4 2 4 2 4 1 1 1 2 1 3 1 1 0 0 1 1 2 4 2 2 2 4 1 1 0 0 3 3 1 2 2 2 3 3 1 3 2 2 0 0 1 1 2 2 2 2 1 1 2 4 0 0 1 4 1 3 1 3 0 0 0 0 2 4 0 0 0 0 1 3 3 3
Fpet.205.09     4 4 4 4 0 0 2 4 1 1 2 3 0 0 3 3 1 3 2 2 0 0 3 3 4 4 4 4 1 1 1 1 1 1 4 4 4 4 1 3 4 4 2 2 2 2 3 3 0 0 3 3 2 2 4 4 1 3 1 3 4 4 0 0 4 4 2 2 4 4 1 1 2 4 0 0 1 4 1 3 1 1 0 0 0 0 2 2 2 4 0 0 3 3 3 3
Fpet.205.10     0 0 0 0 0 0 0 0 0 0 0 0 0 0 0 0 3 3 0 0 0 0 0 0 0 0 0 0 0 0 0 0 0 0 0 0 0 0 0 0 0 0 0 0 4 4 0 0 0 0 3 3 2 2 0 0 0 0 1 3 0 0 0 0 0 0 0 0 0 0 0 0 0 0 0 0 0 0 0 0 0 0 0 0 0 0 0 0 0 0 0 0 0 0 0 0
Fpet.205.11     4 4 4 4 0 0 4 4 1 1 2 3 0 0 3 3 1 3 2 2 0 0 3 3 2 4 2 4 1 1 1 1 1 3 1 4 0 0 1 3 2 2 2 2 2 4 1 1 0 0 3 3 1 1 2 2 1 3 1 3 2 2 0 0 1 4 2 2 2 4 1 1 4 4 0 0 4 4 1 1 1 1 0 0 0 0 2 2 2 4 0 0 1 3 3 3
Fpet.205.12     4 4 4 4 0 0 0 0 0 0 0 0 0 0 0 0 1 3 2 2 0 0 0 0 0 0 4 4 1 1 1 1 3 3 0 0 0 0 1 1 4 4 0 0 4 4 3 3 0 0 1 3 2 2 2 2 1 3 1 3 2 2 0 0 4 4 2 4 2 2 1 3 4 4 0 0 4 4 1 1 1 1 0 0 0 0 2 2 4 4 0 0 1 1 3 3
Fpet.205.13     4 4 4 4 3 3 4 4 4 4 2 3 0 0 3 3 1 3 1 2 0 0 3 3 4 4 4 4 1 1 1 2 3 3 1 1 2 2 1 3 4 4 2 3 2 4 3 3 0 0 3 3 2 2 2 4 1 1 1 3 2 4 0 0 1 4 2 2 4 4 1 1 4 4 0 0 1 4 3 3 1 3 0 0 0 0 2 4 4 4 0 0 3 3 3 3
Fpet.205.14     2 4 0 0 0 0 4 4 0 0 0 0 0 0 0 0 1 3 2 2 0 0 0 0 0 0 4 4 1 1 0 0 0 0 1 4 0 0 0 0 4 4 2 2 2 2 3 3 0 0 3 3 2 2 4 4 1 1 1 3 2 2 0 0 1 4 2 2 4 4 1 1 4 4 0 0 1 4 3 3 1 3 0 0 0 0 2 2 4 4 0 0 1 3 3 3
Fpet.205.15     4 4 4 4 0 0 4 4 4 4 2 3 0 0 3 3 1 3 1 2 0 0 0 0 4 4 4 4 1 1 1 2 0 0 0 0 0 0 1 1 4 4 3 3 4 4 3 3 0 0 3 3 2 2 2 4 1 3 1 3 0 0 0 0 1 4 2 2 4 4 0 0 4 4 0 0 4 4 3 3 1 1 0 0 0 0 4 4 4 4 0 0 1 3 3 3
Fpet.205.16     0 0 4 4 0 0 4 4 4 4 2 2 0 0 3 3 1 3 1 1 0 0 3 3 0 0 4 4 1 1 1 2 0 0 1 4 0 0 1 1 0 0 2 3 0 0 3 3 0 0 3 3 2 2 4 4 1 1 1 3 2 2 0 0 4 4 2 2 4 4 1 1 4 4 0 0 1 4 3 3 0 0 0 0 0 0 4 4 4 4 0 0 3 3 3 3
Fpet.205.17     2 2 2 2 0 0 0 0 0 0 0 0 0 0 0 0 1 3 0 0 0 0 0 0 0 0 4 4 0 0 0 0 0 0 0 0 0 0 3 3 2 2 0 0 0 0 3 3 0 0 0 0 2 2 0 0 3 3 1 3 0 0 0 0 0 0 0 0 0 0 3 3 4 4 0 0 1 1 0 0 1 3 0 0 0 0 2 2 0 0 0 0 0 0 0 0
Fpet.205.18     2 2 4 4 0 0 4 4 1 4 3 3 0 0 3 3 1 3 2 2 0 0 3 3 2 2 2 2 1 3 1 1 1 1 1 1 0 0 1 3 4 4 2 2 2 2 3 3 0 0 0 0 1 1 2 2 3 3 1 3 4 4 0 0 1 1 2 4 2 2 1 1 0 0 0 0 1 1 1 3 0 0 0 0 0 0 2 2 0 0 0 0 1 1 3 3
Fpet.205.19A    4 4 4 4 0 0 0 0 1 1 0 0 0 0 3 3 1 3 2 2 0 0 0 0 0 0 4 4 0 0 0 0 0 0 1 1 0 0 3 3 4 4 2 2 0 0 1 1 0 0 0 0 2 2 0 0 1 1 1 3 0 0 0 0 0 0 2 2 4 4 1 1 0 0 0 0 0 0 0 0 1 1 0 0 0 0 0 0 0 0 0 0 0 0 0 0
Fpet.205.19B    4 4 0 0 0 0 0 0 0 0 0 0 0 0 0 0 1 3 0 0 0 0 0 0 0 0 0 0 0 0 0 0 0 0 0 0 0 0 0 0 4 4 0 0 0 0 1 1 0 0 0 0 2 2 2 2 0 0 1 3 2 2 0 0 0 0 0 0 0 0 1 1 0 0 0 0 0 0 3 3 0 0 0 0 0 0 2 2 0 0 0 0 0 0 3 3
Fpet.205.20     2 2 4 4 0 0 2 2 4 4 3 3 0 0 0 0 1 3 0 0 0 0 0 0 0 0 2 2 3 3 0 0 0 0 4 4 0 0 1 3 4 4 0 0 4 4 3 3 0 0 3 3 2 2 2 2 1 1 1 3 2 2 0 0 1 1 4 4 4 4 0 0 0 0 0 0 4 4 0 0 0 0 0 0 0 0 0 0 2 2 0 0 1 1 0 0
Fpet.205.21     4 4 4 4 0 0 2 2 1 1 3 3 0 0 0 0 1 3 2 2 0 0 4 4 2 2 4 4 3 3 2 2 0 0 1 1 0 0 1 1 0 0 0 0 0 0 3 3 0 0 1 3 2 2 0 0 1 1 1 3 2 2 0 0 4 4 2 4 2 2 1 1 2 2 0 0 4 4 1 1 1 1 0 0 0 0 4 4 4 4 0 0 1 1 3 3
Fpet.205.22     0 0 0 0 0 0 4 4 1 1 0 0 0 0 0 0 1 3 0 0 0 0 0 0 0 0 0 0 0 0 0 0 0 0 0 0 0 0 0 0 0 0 0 0 0 0 0 0 0 0 0 0 0 0 0 0 1 1 1 3 4 4 0 0 0 0 2 2 0 0 1 1 0 0 0 0 0 0 0 0 0 0 0 0 0 0 0 0 0 0 0 0 0 0 3 3
Fpet.205.23     0 0 0 0 0 0 0 0 0 0 0 0 0 0 0 0 3 3 0 0 0 0 0 0 0 0 0 0 0 0 0 0 0 0 0 0 0 0 0 0 0 0 0 0 0 0 0 0 0 0 0 0 0 0 0 0 0 0 1 3 0 0 0 0 0 0 0 0 0 0 0 0 0 0 0 0 0 0 0 0 0 0 0 0 0 0 0 0 0 0 0 0 0 0 0 0
Fpet.205.24     2 2 4 4 1 1 0 0 1 1 2 2 0 0 3 3 1 3 2 2 0 0 3 3 4 4 0 0 0 0 1 1 1 1 4 4 0 0 3 3 2 2 2 2 2 4 1 3 0 0 0 0 0 0 2 2 3 3 1 3 2 2 0 0 1 1 2 4 0 0 0 0 0 0 0 0 0 0 0 0 3 3 0 0 0 0 0 0 4 4 0 0 0 0 3 3
Fpet.205.25     0 0 0 0 0 0 0 0 1 1 0 0 0 0 0 0 1 3 0 0 0 0 0 0 0 0 2 2 0 0 1 1 1 3 0 0 0 0 0 0 0 0 3 3 0 0 3 3 0 0 3 3 0 0 0 0 1 3 1 3 2 2 0 0 0 0 0 0 0 0 0 0 0 0 0 0 0 0 0 0 1 1 0 0 0 0 0 0 4 4 0 0 0 0 1 1
Fpet.205.26     0 0 0 0 0 0 4 4 0 0 0 0 0 0 0 0 1 3 0 0 0 0 0 0 0 0 0 0 0 0 0 0 0 0 0 0 0 0 0 0 0 0 0 0 4 4 3 3 0 0 0 0 0 0 0 0 1 3 1 3 4 4 0 0 0 0 0 0 0 0 0 0 0 0 0 0 0 0 0 0 0 0 0 0 0 0 0 0 0 0 0 0 0 0 0 0
Fpet.205.27     2 4 4 4 0 0 4 4 1 1 3 3 0 0 3 3 0 0 1 2 0 0 3 3 4 4 4 4 1 3 2 2 3 3 1 1 0 0 3 3 2 2 2 2 4 4 1 3 0 0 3 3 2 2 2 2 3 3 1 3 0 0 0 0 0 0 2 4 2 4 1 1 2 2 0 0 1 1 3 3 1 1 0 0 0 0 0 0 4 4 0 0 3 3 3 3
Fpet.205.28     4 4 4 4 0 0 4 4 1 4 2 3 0 0 3 3 1 3 2 2 0 0 3 3 2 4 4 4 1 1 1 1 1 3 1 4 0 0 3 3 2 4 2 2 4 4 3 3 0 0 3 3 1 2 2 2 3 3 1 3 2 2 0 0 4 4 2 2 2 4 1 1 4 4 0 0 1 1 1 3 3 3 0 0 0 0 2 4 4 4 0 0 1 3 3 3
Fpet.205.29     4 4 4 4 0 0 4 4 1 1 3 3 0 0 0 0 1 3 2 2 0 0 0 0 2 2 2 2 1 1 2 2 0 0 0 0 0 0 1 1 2 4 2 2 2 4 1 1 0 0 0 0 0 0 4 4 1 3 1 3 2 2 0 0 1 4 2 2 2 2 1 1 0 0 0 0 1 1 0 0 1 1 0 0 0 0 0 0 4 4 0 0 3 3 1 3
Fpet.205.30     0 0 0 0 0 0 2 2 0 0 0 0 0 0 0 0 3 3 2 2 0 0 0 0 0 0 0 0 1 1 0 0 1 1 0 0 0 0 0 0 0 0 0 0 2 2 0 0 0 0 0 0 0 0 4 4 1 1 1 3 2 2 0 0 0 0 0 0 2 2 0 0 0 0 0 0 0 0 0 0 0 0 0 0 0 0 0 0 0 0 0 0 0 0 3 3
Fpet.205.31     2 4 4 4 0 0 2 2 1 1 3 3 0 0 3 3 1 3 2 2 0 0 3 3 4 4 2 4 1 1 1 2 1 1 1 4 4 4 1 3 4 4 2 3 2 4 3 3 0 0 3 3 1 1 2 4 3 3 1 3 2 4 0 0 1 4 2 2 2 4 1 3 4 4 0 0 1 4 1 3 1 1 0 0 0 0 2 4 2 4 0 0 1 1 3 3
Fpet.205.32     0 0 0 0 0 0 0 0 0 0 2 2 0 0 3 3 1 3 0 0 0 0 0 0 0 0 0 0 1 3 0 0 0 0 4 4 0 0 0 0 0 0 0 0 4 4 0 0 0 0 0 0 1 1 0 0 0 0 1 3 0 0 0 0 0 0 0 0 0 0 0 0 4 4 0 0 4 4 3 3 0 0 0 0 0 0 0 0 2 2 0 0 0 0 0 0
Fpet.205.33     0 0 4 4 0 0 0 0 1 1 2 3 0 0 3 3 3 3 0 0 0 0 0 0 0 0 4 4 0 0 0 0 0 0 0 0 0 0 0 0 0 0 0 0 4 4 0 0 0 0 3 3 2 2 2 2 1 1 1 3 2 2 0 0 1 1 0 0 4 4 3 3 0 0 0 0 1 4 3 3 1 1 0 0 0 0 0 0 0 0 0 0 0 0 3 3
Fpet.205.34     2 2 0 0 0 0 2 2 1 1 2 3 0 0 3 3 1 3 0 0 0 0 4 4 0 0 2 4 0 0 0 0 0 0 1 4 0 0 0 0 0 0 3 3 0 0 3 3 0 0 3 3 2 2 2 2 1 1 1 3 2 2 0 0 1 1 4 4 0 0 0 0 2 4 0 0 1 4 3 3 0 0 0 0 0 0 4 4 2 2 0 0 0 0 3 3
Fpet.205.35     4 4 4 4 1 1 2 2 1 1 2 3 0 0 3 3 1 3 1 1 0 0 4 4 0 0 0 0 1 1 1 1 1 1 0 0 0 0 1 1 2 4 3 3 4 4 3 3 0 0 3 3 2 2 2 2 1 1 1 3 2 2 0 0 1 1 2 2 2 4 3 3 4 4 0 0 1 1 3 3 1 1 0 0 0 0 2 4 2 2 0 0 1 1 3 3
Fpet.205.36     2 2 2 2 0 0 0 0 1 1 2 2 0 0 3 3 1 3 2 2 0 0 4 4 2 2 2 4 1 3 1 1 3 3 4 4 0 0 1 1 4 4 2 2 2 4 1 1 0 0 3 3 2 2 2 2 0 0 1 3 2 2 0 0 4 4 2 2 2 4 1 1 4 4 0 0 1 1 1 3 1 1 0 0 0 0 2 2 2 2 0 0 1 1 1 1
Fpet.205.37     2 4 4 4 0 0 2 2 1 1 2 2 0 0 3 3 1 3 1 2 0 0 3 3 4 4 4 4 1 1 1 2 3 3 1 4 4 4 3 3 2 2 2 2 4 4 1 3 0 0 1 3 1 2 4 4 1 1 1 3 2 2 0 0 1 1 2 2 2 4 1 1 4 4 0 0 1 1 1 1 1 3 0 0 0 0 2 4 4 4 0 0 1 3 1 1
Fpet.205.38     0 0 0 0 0 0 0 0 0 0 0 0 0 0 0 0 0 0 0 0 0 0 0 0 0 0 0 0 0 0 0 0 0 0 0 0 0 0 0 0 0 0 0 0 0 0 0 0 0 0 0 0 0 0 0 0 1 1 0 0 4 4 0 0 0 0 0 0 0 0 0 0 0 0 0 0 0 0 0 0 0 0 0 0 0 0 0 0 0 0 0 0 0 0 0 0
Fpet.205.39     2 4 4 4 0 0 0 0 1 1 0 0 0 0 3 3 1 3 2 2 0 0 3 3 4 4 0 0 1 1 2 2 0 0 1 1 0 0 0 0 2 2 0 0 0 0 1 1 0 0 1 1 2 2 4 4 1 1 1 3 2 2 0 0 1 1 2 2 2 2 1 1 0 0 0 0 1 1 1 1 1 1 0 0 0 0 4 4 4 4 0 0 3 3 0 0
Fpet.205.40     0 0 0 0 0 0 0 0 0 0 0 0 0 0 0 0 1 3 1 1 0 0 0 0 0 0 0 0 0 0 0 0 0 0 1 1 0 0 0 0 0 0 2 2 4 4 0 0 0 0 0 0 0 0 4 4 0 0 1 3 4 4 0 0 0 0 2 2 2 2 0 0 0 0 0 0 0 0 0 0 1 1 0 0 0 0 4 4 0 0 0 0 0 0 1 3
Fpet.205.41     0 0 0 0 0 0 0 0 0 0 0 0 0 0 0 0 3 3 0 0 0 0 3 3 0 0 0 0 0 0 0 0 0 0 1 1 0 0 0 0 0 0 0 0 4 4 0 0 0 0 3 3 2 2 0 0 1 1 1 3 2 4 0 0 0 0 2 2 2 2 0 0 4 4 0 0 1 1 1 3 0 0 0 0 0 0 0 0 0 0 0 0 3 3 1 3
Fpet.205.42A    0 0 0 0 0 0 4 4 1 1 3 3 0 0 0 0 3 3 0 0 0 0 0 0 2 2 0 0 0 0 1 1 0 0 4 4 0 0 0 0 0 0 0 0 2 2 3 3 0 0 3 3 2 2 2 2 1 1 1 3 2 2 0 0 0 0 2 2 2 2 0 0 4 4 0 0 1 1 3 3 1 1 0 0 0 0 0 0 4 4 0 0 3 3 1 1
Fpet.205.42B    2 4 4 4 0 0 2 4 1 1 3 3 0 0 1 3 1 3 1 1 0 0 3 3 4 4 2 4 1 1 1 1 1 3 1 1 0 0 3 3 2 4 2 3 2 2 3 3 0 0 1 1 1 2 2 2 1 1 1 3 2 2 0 0 1 1 2 2 2 2 1 1 4 4 0 0 1 4 3 3 1 1 0 0 0 0 2 2 4 4 0 0 1 3 3 3
Fpet.205.43     4 4 0 0 0 0 0 0 0 0 0 0 0 0 0 0 3 3 0 0 0 0 0 0 0 0 0 0 0 0 0 0 0 0 0 0 0 0 0 0 0 0 0 0 4 4 0 0 0 0 0 0 2 2 4 4 1 1 1 3 2 2 0 0 0 0 2 2 0 0 0 0 0 0 0 0 4 4 3 3 0 0 0 0 0 0 0 0 0 0 0 0 0 0 0 0
Fpet.205.44     2 2 4 4 0 0 2 4 1 4 2 2 0 0 3 3 1 3 1 2 0 0 3 4 4 4 2 4 1 3 1 2 1 3 1 4 0 0 1 1 2 4 2 2 2 4 3 3 0 0 3 3 1 2 4 4 1 1 1 3 2 2 0 0 1 1 2 2 2 2 1 1 4 4 0 0 1 1 1 3 3 3 0 0 0 0 2 4 4 4 0 0 1 1 3 3
Fpet.205.45     4 4 4 4 0 0 4 4 4 4 3 3 0 0 3 3 1 3 1 2 0 0 3 4 2 2 2 4 3 3 1 1 1 1 1 1 0 0 3 3 4 4 2 2 2 4 3 3 0 0 1 3 2 2 4 4 1 1 1 3 2 2 0 0 1 1 2 4 2 2 1 1 2 2 0 0 1 4 3 3 1 3 0 0 0 0 2 4 4 4 0 0 1 3 1 3
Fpet.205.46     4 4 0 0 0 0 4 4 4 4 3 3 0 0 3 3 1 3 0 0 0 0 0 0 0 0 4 4 0 0 0 0 0 0 0 0 0 0 3 3 0 0 2 2 0 0 3 3 0 0 0 0 2 2 0 0 0 0 1 3 0 0 0 0 1 1 0 0 2 2 0 0 2 2 0 0 0 0 0 0 0 0 0 0 0 0 0 0 0 0 0 0 3 3 3 3
Fpet.205.47     0 0 0 0 0 0 0 0 0 0 3 3 0 0 0 0 1 3 1 1 0 0 0 0 4 4 0 0 0 0 0 0 0 0 0 0 0 0 3 3 0 0 0 0 0 0 3 3 0 0 1 3 1 2 2 4 1 3 1 3 0 0 0 0 1 4 2 4 4 4 1 1 0 0 0 0 1 4 1 3 1 3 0 0 0 0 2 4 0 0 0 0 1 1 0 0
Fpet.205.48     0 0 0 0 0 0 0 0 0 0 0 0 0 0 0 0 3 3 0 0 0 0 0 0 0 0 2 2 0 0 0 0 0 0 0 0 0 0 0 0 0 0 2 2 4 4 0 0 0 0 1 1 0 0 0 0 1 3 1 3 2 2 0 0 1 1 2 2 0 0 1 1 0 0 0 0 1 1 0 0 3 3 0 0 0 0 2 2 0 0 0 0 3 3 1 3
Fpet.205.49     0 0 0 0 0 0 2 2 0 0 0 0 0 0 0 0 1 3 0 0 0 0 0 0 0 0 0 0 3 3 0 0 0 0 0 0 0 0 0 0 0 0 0 0 2 2 0 0 0 0 0 0 0 0 0 0 0 0 0 0 0 0 0 0 0 0 0 0 0 0 0 0 0 0 0 0 0 0 0 0 0 0 0 0 0 0 0 0 0 0 0 0 0 0 0 0
Fpet.205.49B    2 2 4 4 0 0 2 2 1 1 3 3 0 0 3 3 1 3 2 2 0 0 4 4 2 2 2 2 1 3 1 1 3 3 4 4 0 0 1 1 2 4 2 2 2 2 1 3 0 0 1 1 2 2 0 0 3 3 1 3 2 2 0 0 1 1 2 2 4 4 3 3 4 4 0 0 0 0 3 3 0 0 0 0 0 0 2 2 2 2 0 0 1 3 1 1
Fpet.205.50     0 0 4 4 0 0 0 0 1 1 0 0 0 0 0 0 1 3 0 0 0 0 0 0 0 0 4 4 0 0 0 0 1 3 0 0 0 0 0 0 0 0 0 0 2 2 0 0 0 0 0 0 2 2 0 0 1 3 1 3 2 4 0 0 1 4 2 2 4 4 1 1 0 0 0 0 4 4 1 1 1 1 0 0 0 0 4 4 2 2 0 0 0 0 1 1
Fpet.205.51     2 4 4 4 0 0 0 0 1 1 0 0 0 0 0 0 1 3 2 2 0 0 0 0 4 4 4 4 1 1 0 0 3 3 4 4 0 0 0 0 4 4 3 3 2 2 0 0 0 0 1 1 1 1 2 2 1 1 1 3 2 2 0 0 4 4 0 0 2 4 1 1 2 2 0 0 1 1 3 3 3 3 0 0 0 0 2 2 2 2 0 0 1 3 1 1
Fpet.205.52     0 0 4 4 0 0 2 2 0 0 0 0 0 0 3 3 1 3 2 2 0 0 0 0 0 0 0 0 1 1 0 0 1 1 0 0 0 0 3 3 4 4 0 0 4 4 3 3 0 0 1 1 1 1 2 4 0 0 1 3 2 2 0 0 1 1 2 2 2 2 1 1 2 4 0 0 1 1 3 3 1 1 0 0 0 0 0 0 0 0 0 0 0 0 1 3
Fpet.205.53     2 4 4 4 3 3 4 4 1 4 3 3 0 0 1 3 1 3 2 2 0 0 3 3 2 4 2 4 1 1 1 1 1 1 1 1 0 0 1 1 2 4 2 2 4 4 1 3 0 0 1 3 1 2 2 2 1 3 1 3 2 4 0 0 4 4 2 4 2 2 1 1 2 2 0 0 1 1 3 3 1 3 0 0 0 0 2 2 4 4 0 0 1 3 1 3
Fpet.205.54     0 0 4 4 0 0 2 2 1 4 0 0 0 0 0 0 1 3 0 0 0 0 4 4 4 4 2 4 1 1 1 1 0 0 4 4 0 0 1 1 2 2 2 2 4 4 3 3 0 0 1 1 0 0 0 0 1 1 1 3 2 2 0 0 0 0 0 0 4 4 3 3 4 4 0 0 1 1 3 3 3 3 0 0 0 0 4 4 4 4 0 0 1 3 0 0
Fpet.205.56     2 4 4 4 0 0 4 4 1 4 2 3 0 0 3 3 1 3 2 2 0 0 0 0 4 4 4 4 1 3 1 2 1 1 4 4 0 0 1 1 4 4 2 2 4 4 3 3 0 0 3 3 2 2 2 2 0 0 1 3 2 2 0 0 1 1 0 0 4 4 1 1 2 4 0 0 0 0 1 1 1 3 0 0 0 0 2 2 4 4 0 0 3 3 1 3
Fpet.205.57     0 0 0 0 0 0 0 0 1 4 0 0 0 0 0 0 3 3 0 0 0 0 4 4 0 0 0 0 0 0 0 0 0 0 0 0 0 0 0 0 0 0 0 0 2 2 0 0 0 0 0 0 0 0 0 0 0 0 1 3 0 0 0 0 0 0 0 0 0 0 0 0 0 0 0 0 0 0 0 0 0 0 0 0 0 0 0 0 0 0 0 0 0 0 1 3
NTC             0 0 0 0 0 0 0 0 0 0 0 0 0 0 0 0 0 0 0 0 0 0 0 0 0 0 0 0 0 0 0 0 0 0 0 0 0 0 0 0 0 0 0 0 0 0 0 0 0 0 0 0 0 0 0 0 0 0 0 0 0 0 0 0 0 0 0 0 0 0 0 0 0 0 0 0 0 0 0 0 0 0 0 0 0 0 0 0 0 0 0 0 0 0 0 0
NTC             0 0 0 0 0 0 0 0 0 0 0 0 0 0 0 0 0 0 0 0 0 0 0 0 0 0 0 0 0 0 0 0 0 0 0 0 0 0 0 0 0 0 0 0 0 0 0 0 0 0 0 0 0 0 0 0 0 0 0 0 0 0 0 0 0 0 0 0 0 0 0 0 0 0 0 0 0 0 0 0 0 0 0 0 0 0 0 0 0 0 0 0 0 0 0 0
